物体1:1924
-6.1675,-3.8032,20.5597
-6.2767,-3.7057,20.4002
-6.4917,-3.6682,20.1870
-6.1204,-3.5436,20.5858
-6.2296,-3.4461,20.4263
-6.7136,-3.4139,19.9627
-6.9917,-3.3525,19.6919
-7.8434,-3.2266,18.4392
-7.5305,-3.2243,19.1373
-7.6360,-3.2239,18.8120
-6.5952,-3.2204,20.0086
-6.3262,-3.2150,20.2590
-7.2505,-3.2112,19.4387
-7.9754,-3.1547,18.3141
-7.7478,-3.1376,18.5707
-7.6308,-3.1124,18.9159
-8.1606,-3.1111,18.2709
-8.1003,-3.1098,18.2895
-8.0092,-3.0998,18.3012
-7.1331,-3.0955,19.5149
-8.1353,-3.0938,18.3116
-7.4026,-3.0896,19.2788
-6.0994,-3.0779,20.4295
-8.1799,-3.0488,18.2886
-8.4613,-3.0426,18.0153
-8.0394,-3.0395,18.3172
-8.0141,-3.0222,18.3579
-8.0635,-3.0215,18.3411
-8.1093,-3.0155,18.3530
-6.6933,-2.9747,19.9295
-7.7615,-2.9209,18.4649
-6.3476,-2.9175,20.1414
-6.9532,-2.9112,19.7067
-7.8609,-2.8934,18.3551
-7.6738,-2.8805,18.6770
-6.0207,-2.8563,20.4019
-9.0372,-2.8309,17.1169
-6.5270,-2.7857,20.0046
-8.3788,-2.7498,17.9830
-8.1324,-2.7400,18.2785
-8.0256,-2.7272,18.2569
-9.0069,-2.6917,17.2024
-6.2301,-2.6829,20.1525
-9.4683,-2.6505,16.4839
-7.8771,-2.6426,18.2603
-9.1061,-2.6417,16.9461
-7.6474,-2.6055,18.5574
-6.8300,-2.5826,19.7904
-5.8748,-2.5636,20.4010
-9.6978,-2.5456,16.2072
-7.3286,-2.5324,19.1789
-9.0878,-2.5282,16.7688
-9.4120,-2.5202,16.3582
-6.5733,-2.5089,19.9519
-8.0643,-2.5059,18.1784
-8.8148,-2.5033,17.3526
-9.2435,-2.4790,16.4365
-8.5295,-2.4578,17.6814
-9.9311,-2.4352,15.8975
-9.6415,-2.4154,16.0815
-7.7514,-2.3951,18.2506
-6.3176,-2.3631,19.9369
-9.7889,-2.3450,15.8729
-7.5928,-2.3348,18.6512
-6.4815,-2.3209,19.8731
-10.3848,-2.2843,14.8059
-10.6544,-2.2704,14.5242
-10.4684,-2.2590,14.7109
-10.4329,-2.2377,14.7098
-7.0100,-2.2357,19.4385
-10.2073,-2.2267,15.0196
-7.9916,-2.2215,18.0067
-10.0496,-2.2046,15.4718
-10.1837,-2.2018,15.2023
-8.9312,-2.1757,16.8040
-10.8183,-2.1700,14.4254
-9.6590,-2.1667,15.8146
-7.4448,-2.1646,18.8922
-8.2809,-2.1512,17.8504
-9.1775,-2.1437,16.3144
-6.0250,-2.1420,20.1229
-11.1186,-2.1368,14.3766
-9.7805,-2.1304,15.5828
-7.6833,-2.1220,18.1816
-6.4657,-2.1176,19.8064
-8.0528,-2.1146,17.9742
-10.2410,-2.1048,14.9470
-8.7574,-2.1007,17.1316
-10.0120,-2.0895,15.1920
-7.7822,-2.0791,18.0317
-8.3052,-2.0470,17.5591
-8.2522,-2.0415,17.7281
-6.2669,-2.0368,19.8524
-9.4076,-2.0362,15.9433
-6.4581,-2.0287,19.7803
-8.0241,-2.0049,17.8519
-6.4643,-2.0005,19.7777
-6.4031,-1.9954,19.7183
-9.7193,-1.9904,15.4857
-9.2420,-1.9842,16.1563
-8.8956,-1.9797,16.5965
-10.5302,-1.9796,14.8829
-7.5436,-1.9566,18.3727
-10.8305,-1.9464,14.8340
-7.8098,-1.9440,17.9127
-10.1709,-1.9428,15.1540
-6.4194,-1.9398,19.7131
-6.4024,-1.9282,19.6919
-6.4156,-1.9217,19.6889
-10.9182,-1.9171,15.1128
-6.3648,-1.9092,19.7136
-6.4840,-1.9081,19.7593
-6.4227,-1.9030,19.6999
-5.9440,-1.8753,20.1041
-9.3274,-1.8661,15.9459
-9.5176,-1.8566,15.7200
-6.1557,-1.8536,19.8907
-6.4250,-1.8443,19.6840
-8.5494,-1.8381,17.0981
-6.3704,-1.8138,19.6846
-6.7843,-1.8077,19.5302
-7.3957,-1.8024,18.4302
-6.3807,-1.7987,19.6711
-6.5245,-1.7853,19.7589
-10.4250,-1.7850,15.5639
-9.0567,-1.7781,16.2614
-9.9781,-1.7775,15.5563
-8.0673,-1.7668,17.5591
-9.1678,-1.7548,16.1391
-7.2928,-1.7482,18.7152
-9.6179,-1.7261,15.8864
-6.3871,-1.7128,19.6557
-9.8558,-1.7099,15.8092
-8.6795,-1.7089,16.7197
-8.2561,-1.6853,17.3191
-7.1198,-1.6806,18.7596
-8.7761,-1.6668,16.5426
-7.6785,-1.6544,17.9241
-9.3255,-1.6316,16.1999
-6.8644,-1.6013,19.0719
-6.4008,-1.5861,19.5508
-6.2776,-1.5843,19.6335
-6.7423,-1.5806,19.3368
-8.6398,-1.5624,16.6772
-6.4825,-1.5582,19.5655
-7.2794,-1.5353,18.2925
-9.2749,-1.5293,16.3529
-8.8727,-1.5033,16.5340
-7.8126,-1.4841,17.6942
-7.1198,-1.4641,18.5024
-5.9744,-1.4599,19.8953
-8.2499,-1.4516,17.0752
-8.8107,-1.4081,16.6903
-8.3663,-1.3638,17.0379
-7.3949,-1.3571,18.0963
-8.9343,-1.3449,16.6344
-6.3264,-1.3139,19.4218
-8.9187,-1.3117,17.3692
-6.6057,-1.2997,19.0890
-6.0418,-1.2607,19.7597
-8.5963,-1.2286,16.9820
-8.2250,-1.2263,17.2817
-8.7555,-1.2249,17.3692
-7.7551,-1.1935,17.7254
-7.9461,-1.1827,17.5902
-6.8611,-1.1550,18.7033
-6.1908,-1.1173,19.5246
-7.5181,-1.0992,17.9802
-5.8869,-1.0934,19.8161
-5.7646,-1.0889,19.9318
-8.0370,-1.0787,17.5902
-7.4027,-1.0018,18.2319
-7.9822,-0.9861,17.7118
-7.5378,-0.9533,18.2369
-7.7894,-0.9473,17.9717
-6.0144,-0.9428,19.6414
-6.9648,-0.9189,18.6081
-7.7478,-0.8486,18.1862
-5.9349,-0.8204,19.6422
-7.3116,-0.8164,18.6056
-6.8040,-0.8022,18.9099
-6.1634,-0.7994,19.4063
-7.8837,-0.7754,18.1224
-7.4962,-0.7736,18.5470
-7.0627,-0.7704,18.8488
-6.4322,-0.6739,19.3152
-6.1825,-0.6651,19.4637
-6.7746,-0.6303,19.1719
-5.9707,-0.5759,19.6788
-6.9354,-0.5650,19.2304
-6.4028,-0.5609,19.5046
-6.0305,-0.4597,19.8694
-6.5847,-0.4401,19.6579
-6.2129,-0.4358,19.8436
-10.4344,4.8319,12.1812
-10.8120,4.9395,11.8108
-10.3985,5.0689,12.0938
-10.7760,5.1765,11.7234
-10.9860,5.2054,11.3773
-11.0453,5.2713,11.3818
-10.8832,5.2969,11.3836
-10.7552,5.3240,11.5953
-10.8764,5.3915,11.5569
-10.8271,5.4303,11.3927
-10.7799,5.5283,11.3994
-10.6806,5.7466,11.4142
-10.5147,6.1429,11.4413
-8.9965,6.4039,13.2762
-9.0619,6.4189,13.1903
-8.9801,6.4775,13.2116
-8.9873,6.5351,13.3894
-9.0527,6.5502,13.3035
-10.3319,6.5776,11.4709
-8.9298,6.6272,13.4608
-8.8831,6.6862,13.2739
3.7722,6.6977,19.1818
-8.8420,6.7046,13.4099
-9.0098,6.7140,13.2411
3.8179,6.7433,19.1453
3.7137,6.7501,19.2123
3.5103,6.7900,19.3560
3.6080,6.8128,19.2642
3.5074,6.8358,19.3742
3.6051,6.8586,19.2823
-8.8702,6.9004,13.1596
-8.7758,6.9116,13.4313
-8.9044,6.9312,13.0868
-8.6555,7.1456,13.3690
-8.7087,7.1527,13.2334
-8.9835,7.1624,12.8746
-10.0331,7.2221,11.5149
-7.5053,7.3139,11.5212
-9.4105,7.3284,12.2839
-7.5956,7.3318,11.5224
-7.3342,7.3488,11.5235
-8.5252,7.4050,13.4578
-7.1316,7.4149,11.5280
-8.0507,7.4220,11.5285
-9.0197,7.4489,12.6603
-8.7792,7.4702,12.9462
-9.2913,7.4737,12.3904
-6.9490,7.4863,11.5329
-8.4833,7.5068,11.5343
-8.6178,7.5423,11.5367
-7.0754,7.5654,12.1389
-7.0713,7.5892,12.4801
-6.7717,7.5907,11.5400
-7.1674,7.5990,12.5796
-7.3482,7.6087,12.1705
-6.9591,7.6172,12.6352
-7.9904,7.6422,12.0865
-6.5426,7.6522,12.2991
-9.1795,7.6540,12.4585
-6.8508,7.6591,12.4005
-9.0731,7.6608,11.5448
-6.5748,7.7018,12.5833
-9.8085,7.7030,11.5477
-6.6930,7.7053,12.7384
-7.5648,7.7072,12.3780
-9.7990,7.7273,11.5494
-6.3647,7.7317,12.4221
-9.6214,7.7463,11.5506
-7.4274,7.7465,12.5431
-6.3508,7.7509,12.5833
-8.4080,7.7684,13.3751
-6.5464,7.7811,11.5530
-8.3041,7.7850,12.2320
-6.6399,7.7899,12.9615
1.4650,7.7997,20.9540
-9.0239,7.8074,11.8987
-6.8776,7.8163,13.1187
-9.1164,7.8168,12.4585
-9.2884,7.8256,12.1253
-8.6088,7.8264,12.9991
-9.1296,7.8468,12.3301
-6.2378,7.8476,12.4221
-8.7487,7.8517,12.1035
-7.2781,7.8679,12.7516
-6.2316,7.8762,12.5833
-6.1919,7.9046,12.2584
-6.3995,7.9115,12.9550
1.4722,7.9228,20.9686
-7.0608,7.9280,13.3062
-7.6398,7.9347,12.7814
-6.9116,7.9363,13.3059
4.0933,7.9429,18.6264
-6.1683,7.9669,12.7871
-6.1712,7.9671,12.6385
4.0834,7.9749,18.5301
-6.0438,7.9773,12.9154
1.3850,7.9921,21.0089
-8.9248,7.9940,12.3950
1.4552,8.0017,21.0130
-7.9378,8.0093,12.7148
-8.1516,8.0159,13.5738
-5.7053,8.0230,13.0245
-5.9433,8.0256,12.8235
4.1643,8.0371,18.5265
-5.9465,8.0434,13.3656
-8.7241,8.0472,12.7132
-7.4905,8.0561,12.9899
-6.2745,8.0674,11.5726
-6.7798,8.0678,13.3149
-6.5055,8.0694,13.1212
-6.2304,8.0706,13.0690
1.3681,8.0710,21.0534
-5.7545,8.0850,12.8109
-6.0732,8.0916,12.8127
3.8693,8.0967,18.7052
-6.0865,8.1102,12.5318
4.0172,8.1111,18.5600
-6.0956,8.1111,12.7485
-5.3492,8.1194,13.3846
-5.4347,8.1250,13.0459
-8.5030,8.1254,12.7132
4.1708,8.1301,18.5307
-5.6936,8.1319,13.6401
-6.2325,8.1383,13.3683
-5.9726,8.1400,12.7207
-6.0579,8.1574,12.2530
-7.1038,8.1716,13.6970
-6.0412,8.1776,12.6000
5.7271,8.1874,17.0703
5.7061,8.2041,17.1294
-8.1506,8.2047,12.9515
-5.6237,8.2052,13.8833
4.0769,8.2306,18.5041
-4.8763,8.2354,13.6535
-5.1553,8.2407,14.1975
5.7520,8.2433,17.1173
-6.0285,8.2443,12.4166
-4.7369,8.2500,14.0586
-4.8932,8.2508,14.2816
-6.7839,8.2543,13.5837
-5.9332,8.2593,12.6323
5.7311,8.2599,17.1764
-5.6797,8.2606,12.6399
-6.9587,8.2668,13.7796
-7.3889,8.2776,13.2161
-5.2309,8.2784,12.8762
-5.8344,8.2865,14.0558
-4.7140,8.2897,13.5337
-4.4221,8.3089,14.3677
-4.5784,8.3096,14.5906
-7.9086,8.3134,13.6611
-5.8289,8.3206,12.5641
-6.5117,8.3235,13.6892
-5.9962,8.3409,12.5447
-5.2203,8.3595,14.5340
-4.8774,8.3759,13.1571
-4.4458,8.3762,13.7666
-5.5726,8.3793,14.3900
-5.9608,8.3816,12.5757
-7.1820,8.3846,14.0201
-5.4594,8.3900,12.6193
-7.9330,8.4004,13.3258
-5.2525,8.4009,12.7198
-5.9574,8.4087,12.4166
-4.0510,8.4176,14.5283
-4.3565,8.4192,15.0551
-5.0108,8.4198,12.9320
-7.6243,8.4233,14.0479
-5.8070,8.4286,12.5075
-7.4633,8.4466,13.3159
-3.9309,8.4493,14.8871
-4.0800,8.4502,15.1911
-4.5205,8.4510,13.5194
-5.8626,8.4555,15.3984
-5.7105,8.4567,12.4757
-5.6909,8.4589,15.1064
-7.8975,8.4642,13.5507
-5.8807,8.4703,12.5075
-5.7491,8.4724,15.0839
-5.6243,8.4769,14.6673
-7.0370,8.4799,14.1027
-5.2395,8.4815,15.4132
-5.5517,8.4879,14.9772
-5.9775,8.4882,11.6013
-5.0422,8.4915,14.9535
-7.6452,8.4954,13.3974
-4.6719,8.4979,13.2567
-4.2201,8.4988,13.9095
-6.6916,8.5027,15.1077
-5.8786,8.5055,12.4834
-5.4328,8.5163,12.5125
-6.1579,8.5199,14.2821
-4.8924,8.5213,15.6113
-5.3220,8.5223,15.1194
-3.8266,8.5294,15.5621
-4.4659,8.5298,15.3408
-5.4408,8.5299,12.4758
-5.5607,8.5339,12.4281
-6.4793,8.5354,14.1559
-4.7719,8.5421,15.2117
-3.5854,8.5425,15.1314
-3.5453,8.5436,15.4990
-4.6942,8.5440,16.0052
-6.2967,8.5457,15.5551
-10.5804,8.5459,12.4765
-5.9219,8.5544,12.3758
6.3063,8.5593,12.1156
-5.7497,8.5690,12.4401
-5.8089,8.5745,12.4478
-5.8987,8.5834,12.4425
-5.8269,8.5883,14.7315
-3.8811,8.5906,14.3191
-5.2604,8.6023,12.5125
6.3080,8.6026,12.3508
-5.0878,8.6054,12.6560
-4.3607,8.6080,13.5286
-7.4915,8.6117,14.1208
-4.7045,8.6128,15.5758
-5.8125,8.6129,15.0189
-4.9493,8.6164,12.7826
-4.0213,8.6307,14.0297
-6.4063,8.6380,15.3589
-7.6739,8.6436,13.7584
-6.9734,8.6457,14.3085
-6.0040,8.6481,15.3552
-6.1485,8.6483,15.5290
-4.1959,8.6494,13.7053
-7.2509,8.6523,13.3420
-3.1324,8.6524,15.8042
-3.2773,8.6563,15.1920
-4.5880,8.6696,13.1500
-7.3146,8.6722,14.3281
6.3109,8.6800,12.6086
-3.8694,8.6804,15.9527
-5.1223,8.6804,12.5554
-5.2844,8.6865,12.4244
-3.0221,8.6912,16.1199
-4.4024,8.7062,15.9315
-4.3364,8.7096,16.2181
-4.2323,8.7118,15.8673
-5.7800,8.7132,12.3523
-6.0167,8.7177,15.1985
-6.0988,8.7241,14.6805
-5.8701,8.7258,12.2625
-6.7247,8.7273,14.3828
6.3129,8.7314,12.7863
-4.4004,8.7340,13.3224
-5.5038,8.7385,12.2948
-7.4750,8.7409,14.0153
-5.1507,8.7426,12.4721
-4.8333,8.7431,12.7765
-6.9984,8.7432,14.5943
-7.4328,8.7466,13.5203
-5.8469,8.7548,12.3293
-5.8091,8.7597,11.6198
-3.0305,8.7628,16.4746
5.8848,8.7644,12.6786
-5.6784,8.7699,12.3523
-2.8651,8.7712,15.7708
-4.0531,8.7750,16.6516
-2.9699,8.7762,15.5261
4.9531,8.7820,14.5536
-7.2367,8.7859,14.2891
-7.5533,8.7874,13.9019
-5.7999,8.7876,11.6217
6.3152,8.7913,12.9716
4.8301,8.7943,14.4466
-3.7879,8.7960,16.2460
-2.5853,8.8022,16.4393
-4.7202,8.8046,12.8434
-4.6189,8.8057,12.9678
-5.2819,8.8065,12.3227
-5.0354,8.8069,12.5194
5.0305,8.8089,14.7088
-7.4229,8.8150,14.5421
-5.7978,8.8156,12.2746
-6.6580,8.8196,14.9996
-3.2536,8.8203,14.9428
5.9859,8.8270,12.9204
-4.0849,8.8308,16.4472
-7.4970,8.8310,13.6564
4.7499,8.8374,14.7870
-3.7978,8.8375,17.1087
-2.4841,8.8377,16.7210
-6.7799,8.8392,14.7912
-3.9476,8.8429,17.1010
6.3174,8.8500,13.1543
-7.2509,8.8541,13.4103
-5.3814,8.8545,12.2409
-4.0459,8.8553,13.6764
5.0616,8.8557,14.4645
-5.7170,8.8561,12.3045
-5.8090,8.8590,12.0880
-3.5730,8.8614,16.4768
-3.7149,8.8615,17.2001
-2.6667,8.8616,16.8339
-5.5823,8.8621,12.2546
-3.5834,8.8625,14.3805
5.2670,8.8658,14.8369
-3.8647,8.8669,17.1924
4.9386,8.8681,14.3575
4.6443,8.8753,14.5204
-3.8833,8.8758,13.8868
-3.2110,8.8810,16.6794
-2.3506,8.8820,16.4789
-6.3671,8.8840,15.2904
-4.2894,8.8868,13.3045
6.3189,8.8892,13.3068
-5.0519,8.8907,12.4187
4.4866,8.8914,14.7056
-6.6513,8.8962,14.7533
6.3194,8.9027,13.4334
-7.2981,8.9037,14.1365
-7.3450,8.9079,14.6961
-2.5974,8.9109,15.9609
-3.7343,8.9110,16.8442
4.8022,8.9133,15.0357
-4.7955,8.9151,12.6556
-6.1844,8.9158,15.2534
-3.6520,8.9172,17.0724
5.1493,8.9211,15.0628
-2.4279,8.9247,16.2229
6.3203,8.9254,13.5009
-5.1455,8.9260,12.3171
-6.4649,8.9292,15.1823
-3.5644,8.9302,17.3267
-2.1050,8.9437,16.9702
-3.3841,8.9465,14.5847
-2.2495,8.9469,17.0887
-4.8574,8.9526,12.5611
5.7781,8.9554,12.5807
5.5608,8.9593,12.9294
5.3646,8.9598,14.7710
-2.8218,8.9603,15.4341
5.5459,8.9621,13.0045
5.5416,8.9629,12.9852
5.5416,8.9630,12.9854
-4.0997,8.9667,13.4817
-2.4320,8.9708,17.2017
-7.3764,8.9749,13.7999
-6.2747,8.9751,14.9347
-4.9184,8.9760,12.4701
-4.6824,8.9766,12.7225
5.2366,8.9766,14.5539
5.9258,8.9776,13.2117
5.5603,8.9882,13.1059
4.3992,8.9963,15.1674
-1.9529,8.9966,17.2438
6.3233,9.0037,13.6018
-4.4784,9.0039,12.9492
-5.7488,9.0043,12.1635
-5.6948,9.0049,12.1889
-6.4657,9.0107,14.9508
6.1281,9.0186,13.4673
5.5139,9.0189,13.0460
5.5143,9.0194,13.0485
-2.9735,9.0194,15.0916
5.5100,9.0201,13.0292
-2.0714,9.0201,17.4094
-4.3364,9.0207,13.1134
-5.7514,9.0219,11.6377
5.4947,9.0228,13.1036
5.4909,9.0241,13.0870
-7.2379,9.0241,14.0011
-3.4642,9.0274,17.2617
-6.2102,9.0277,15.1553
4.9237,9.0301,14.2581
-5.3167,9.0372,12.1402
4.1925,9.0400,14.9098
-1.9728,9.0423,16.7649
5.5075,9.0430,13.0536
-5.1617,9.0437,12.2201
5.4930,9.0467,13.1331
5.4883,9.0469,13.1111
5.4884,9.0471,13.1130
5.4888,9.0477,13.1156
-7.2379,9.0488,13.7778
5.6970,9.0507,13.2744
-2.4764,9.0525,15.8758
4.6002,9.0547,14.4129
-2.2537,9.0603,16.2434
5.6551,9.0611,12.7262
-6.4012,9.0633,15.1715
-2.0913,9.0640,16.5172
-1.8800,9.0682,17.6212
4.0527,9.0689,15.1229
-1.6625,9.0699,17.3579
5.5070,9.0722,13.2318
-4.7876,9.0742,12.5182
1.9793,9.0742,20.1111
-2.6192,9.0865,17.3990
5.2095,9.0883,15.2151
-3.0342,9.0955,17.2362
-2.5960,9.0969,15.5936
-4.5523,9.0969,12.7718
6.3272,9.1050,11.8809
-5.4945,9.1057,12.1051
4.3355,9.1083,15.5049
-3.2620,9.1205,17.3606
-3.7082,9.1256,13.8847
-4.8819,9.1331,12.3754
4.7711,9.1358,14.2396
-1.5967,9.1382,17.1750
-4.0328,9.1386,13.4063
-1.5468,9.1487,17.6212
-2.1783,9.1490,16.1834
-3.5486,9.1522,14.0889
-2.1129,9.1545,16.2473
-2.0259,9.1585,16.3890
-2.2537,9.1595,16.0897
-5.7405,9.1623,12.0122
-1.7549,9.1636,16.8556
-5.3512,9.1646,12.0447
-5.0315,9.1655,12.2270
-2.3069,9.1655,15.9842
6.3296,9.1675,13.7598
-7.3450,9.1717,15.0580
5.5219,9.1730,13.0635
-4.1937,9.1778,13.1540
-5.7242,9.1979,12.0763
5.5172,9.2029,13.2225
-5.6177,9.2038,12.1113
3.7568,9.2083,15.3575
5.7460,9.2100,13.6031
-1.3649,9.2115,17.9678
4.9790,9.2133,14.1792
5.2379,9.2147,14.3864
1.8749,9.2184,20.2205
-4.7596,9.2198,12.4287
-3.0829,9.2219,17.5765
-1.9352,9.2221,17.9696
-1.3225,9.2274,17.7517
-2.1783,9.2282,16.0840
-2.4615,9.2297,17.7737
5.4819,9.2316,14.7569
-4.5972,9.2335,12.5919
3.8198,9.2369,15.6903
-3.1738,9.2399,14.5452
-2.9610,9.2434,14.8516
4.6158,9.2466,15.6928
-4.4711,9.2471,12.7358
5.4302,9.2491,15.1414
-1.3555,9.2513,18.2187
1.9336,9.2516,20.1358
-2.2296,9.2529,15.9506
-5.5196,9.2532,12.0653
-2.4836,9.2549,15.5228
3.9391,9.2622,15.0087
3.5875,9.2642,15.5875
-2.0110,9.2721,16.2355
-5.0636,9.2753,12.1254
-1.9240,9.2760,16.3771
-3.8808,9.2791,13.4866
-5.2261,9.2820,12.0253
4.9976,9.2828,15.5224
1.9385,9.2831,20.1741
-2.2235,9.2895,15.9592
-5.1288,9.2911,12.0676
4.1892,9.2930,14.6970
-1.1621,9.2981,18.1691
5.9038,9.3003,16.5741
-1.3595,9.3005,17.2538
-2.2296,9.3016,15.8969
5.0953,9.3066,14.1734
-3.1448,9.3099,17.8271
-3.9241,9.3114,17.5730
1.9971,9.3162,20.0894
-5.6868,9.3198,11.6580
-5.0211,9.3226,12.1235
-3.7067,9.3226,13.6935
-5.0217,9.3230,12.1210
-5.1070,9.3239,12.0611
5.6194,9.3249,12.7345
-2.6874,9.3252,17.8737
-5.1055,9.3253,12.0610
-2.2050,9.3261,15.9483
-5.1879,9.3273,12.0188
-5.1858,9.3282,12.0211
-1.6489,9.3297,16.7342
-2.1300,9.3302,18.1215
-2.3232,9.3319,15.7052
-1.5527,9.3325,18.3510
6.1056,9.3347,16.3258
-2.2661,9.3356,15.8308
-1.1526,9.3379,18.4200
5.7163,9.3434,15.4296
5.5099,9.3441,14.8821
5.4837,9.3447,15.3442
5.8450,9.3458,16.4479
-2.1205,9.3461,16.0352
5.5395,9.3528,12.9459
-5.0015,9.3545,12.1147
-5.6573,9.3545,11.9791
-3.5783,9.3580,17.8237
-5.6048,9.3599,11.9886
-5.1667,9.3606,12.0098
-2.1657,9.3620,15.9574
-2.1657,9.3627,15.9577
-2.1657,9.3633,15.9575
-2.1657,9.3638,15.9706
-2.2050,9.3639,15.9238
-2.5640,9.3655,15.2863
-1.4235,9.3661,19.1332
3.6485,9.3664,15.3100
6.3373,9.3695,13.9160
5.9799,9.3703,13.8341
-5.0658,9.3720,12.0543
5.6956,9.3819,13.6305
-1.1553,9.3867,17.4367
-0.8694,9.3881,18.3767
3.6618,9.3902,16.0951
5.1794,9.3903,15.5816
-1.3695,9.3907,17.0817
5.6059,9.3907,15.7389
5.9723,9.3915,16.3180
-1.5006,9.3945,16.8815
-2.2050,9.3971,15.8577
5.5226,9.3981,15.2114
-2.1472,9.3993,15.9463
-4.7007,9.4009,12.3542
-1.8304,9.4023,16.3782
5.8654,9.4051,16.6563
-2.1457,9.4064,19.0406
-4.5128,9.4084,12.5503
-2.8181,9.4107,14.8914
3.3218,9.4126,15.7289
-0.9600,9.4126,17.7539
-2.2701,9.4127,15.6868
-4.1331,9.4151,13.0278
-2.2130,9.4164,15.8124
-0.9848,9.4236,19.3637
-1.9608,9.4237,16.1436
-1.8216,9.4261,18.8661
-0.8161,9.4276,19.4768
-0.9481,9.4285,18.6630
-1.7078,9.4291,16.5163
-5.3998,9.4298,11.9234
-2.6149,9.4298,18.0600
-2.6851,9.4339,15.0545
-2.9618,9.4368,18.0134
4.7632,9.4381,14.1018
-5.6357,9.4383,11.6661
-2.0275,9.4412,18.8127
-4.4279,9.4438,17.5730
4.9826,9.4454,15.8142
5.1765,9.4471,15.8862
4.7416,9.4493,17.5055
6.0082,9.4522,15.9577
-4.2487,9.4537,12.8420
4.7452,9.4540,17.5055
-1.8041,9.4545,19.1773
-2.0347,9.4571,19.1936
-1.9900,9.4573,18.6336
-2.0050,9.4585,16.0541
-2.1675,9.4610,18.9443
-3.3132,9.4615,14.1404
5.7174,9.4651,15.9996
4.0776,9.4652,14.6755
-3.1377,9.4652,14.3926
5.8755,9.4654,15.2820
-2.1482,9.4674,15.8156
6.1960,9.4683,16.3155
5.7384,9.4691,16.5482
5.7737,9.4696,16.6984
-0.7473,9.4727,18.7053
-4.9889,9.4736,12.0435
4.9096,9.4749,14.0463
-1.9165,9.4756,19.1757
3.1355,9.4767,15.9333
-2.1675,9.4773,18.7343
6.0624,9.4786,16.1470
-3.8400,9.4786,13.3662
-5.1535,9.4793,11.9410
3.4213,9.4795,15.4946
-1.5686,9.4801,19.0282
-1.7041,9.4804,18.8593
5.5429,9.4805,13.1679
3.2432,9.4816,16.1966
-1.4900,9.4821,18.7116
-0.7098,9.4868,18.1776
4.7661,9.4922,17.4765
-0.7627,9.4931,18.8849
-4.5429,9.4950,12.4490
-2.2336,9.4991,15.6523
4.3623,9.4998,16.0730
-7.6719,9.5005,15.2977
-5.6012,9.5024,11.6704
5.7083,9.5060,15.1036
-2.0905,9.5075,15.8797
6.3427,9.5104,15.9770
6.3428,9.5117,14.0290
3.9241,9.5149,16.2898
-5.2384,9.5174,11.8727
4.7224,9.5178,17.5055
-1.1727,9.5178,18.9418
-0.8471,9.5193,19.0045
-3.6659,9.5220,13.5731
4.7695,9.5275,17.5055
-1.8470,9.5292,16.2039
-1.4373,9.5325,16.7995
-1.2089,9.5351,17.1234
-0.5619,9.5373,18.9272
-5.6341,9.5380,11.8936
5.9295,9.5422,13.8616
-1.0085,9.5434,19.3167
-5.5948,9.5504,11.6737
-3.4101,9.5554,18.2748
-2.1668,9.5558,15.6895
-1.2793,9.5563,19.2049
-2.4254,9.5566,15.2906
6.3445,9.5574,16.1361
-1.0672,9.5586,17.2955
-2.4575,9.5599,18.3367
4.3084,9.5665,18.0330
-2.8044,9.5669,18.2901
4.3365,9.5679,17.8981
5.5617,9.5682,16.3175
4.4708,9.5686,17.7646
4.7944,9.5700,17.4765
5.3674,9.5747,14.3475
-3.9315,9.5753,13.1598
3.0612,9.5771,16.4503
-1.3907,9.5807,19.0990
6.3455,9.5825,15.8548
5.6190,9.5841,13.3732
-5.5080,9.5858,11.9060
4.5473,9.5911,16.1352
4.5926,9.5914,17.5895
5.6558,9.5917,16.5469
-1.0975,9.5923,19.2662
2.8292,9.5926,16.3575
-2.2336,9.5949,15.5644
6.3461,9.5979,14.1256
-1.2833,9.5992,16.9453
-1.6012,9.5995,16.4706
5.1145,9.6013,16.2331
-4.2670,9.6023,12.6981
-4.7504,9.6024,12.1638
-5.4010,9.6063,11.8867
5.4834,9.6084,14.5009
-0.3541,9.6086,19.1511
-0.3899,9.6156,18.4833
-2.9063,9.6159,14.5815
-1.2089,9.6166,19.1604
-4.9060,9.6192,12.0145
-0.7419,9.6198,19.6222
-2.2918,9.6226,15.4209
-2.5464,9.6250,15.0589
6.3473,9.6305,14.1690
4.6726,9.6365,17.4783
-2.8192,9.6373,18.5549
-1.4790,9.6380,16.6065
-0.5825,9.6387,19.3819
5.1147,9.6398,14.0109
-0.8686,9.6402,19.4765
-0.6010,9.6417,19.9322
5.3882,9.6481,16.4037
-0.7855,9.6515,17.6235
6.3482,9.6528,15.7639
-0.6108,9.6531,19.7483
-4.9799,9.6571,17.6114
5.5440,9.6578,12.9760
-0.1201,9.6593,19.0847
4.1942,9.6636,14.4384
-2.2449,9.6639,18.6365
5.4846,9.6659,16.8274
6.3487,9.6676,16.3081
-5.5721,9.6695,11.8094
-1.7588,9.6733,16.1720
-2.0163,9.6738,15.7936
2.5913,9.6761,16.4660
-1.8963,9.6773,15.9879
-0.3248,9.6802,19.8859
2.9534,9.6807,15.9194
4.2962,9.6819,16.4103
-0.2903,9.6838,19.4863
4.8941,9.6853,16.4039
4.2303,9.6855,17.8624
4.8269,9.6861,17.4783
-0.1100,9.6864,19.3314
-5.5777,9.6891,11.6832
6.0319,9.6892,15.3767
4.4955,9.6900,16.4595
3.0085,9.6908,16.7670
-0.4534,9.6928,20.0819
-0.2811,9.6995,20.1975
3.1823,9.6995,15.5793
6.3500,9.7007,15.7189
2.8292,9.7012,16.0899
-0.0520,9.7043,20.0585
5.7472,9.7067,16.8677
2.6716,9.7088,16.6711
-0.6567,9.7097,19.5849
-3.4098,9.7116,18.6024
-5.4985,9.7119,11.8123
4.9825,9.7165,13.9337
-1.6356,9.7167,16.3006
4.1769,9.7182,18.1245
5.7950,9.7205,12.3510
-5.1890,9.7207,17.6114
-0.5012,9.7219,19.7828
-3.5006,9.7225,13.6449
6.0305,9.7228,16.7025
-1.2249,9.7231,16.8687
-2.0740,9.7250,15.6455
-7.5034,9.7258,15.8043
-4.3970,9.7271,12.4490
6.3335,9.7308,11.7005
0.0583,9.7310,20.0868
5.3986,9.7334,16.8292
-0.1435,9.7338,19.9252
2.7432,9.7366,16.1595
5.3962,9.7390,16.6350
5.0288,9.7414,17.2255
3.7390,9.7416,16.6185
4.4609,9.7424,14.2037
-1.3647,9.7469,16.6449
-0.1257,9.7482,19.7341
6.1592,9.7516,16.6100
4.4989,9.7533,17.5605
3.8744,9.7555,14.7459
5.6408,9.7562,12.5890
-3.2573,9.7583,13.9660
4.9406,9.7608,16.6322
-0.8397,9.7629,17.3822
-1.9191,9.7672,15.8588
5.1691,9.7676,16.6927
0.0543,9.7790,19.7236
5.5408,9.7805,16.9980
-2.1308,9.7813,15.5182
4.9006,9.7838,17.2157
4.9937,9.7840,17.3429
-1.7639,9.7866,16.0455
2.3908,9.7896,16.5756
5.1462,9.7911,17.0923
-2.6098,9.7917,18.7576
3.5334,9.7942,18.5001
-0.1440,9.7985,18.4760
5.0432,9.8044,16.8770
4.6715,9.8050,17.3910
5.2631,9.8090,16.9639
4.0917,9.8136,18.0450
-2.2347,9.8168,15.3241
3.9261,9.8172,16.6768
3.1203,9.8185,16.9421
-2.3018,9.8207,18.7913
-2.5012,9.8277,14.9433
0.1372,9.8291,20.0718
4.6688,9.8309,16.9035
5.0180,9.8335,17.0824
-5.2101,9.8348,11.6931
3.4064,9.8401,16.8525
0.1258,9.8422,19.0773
4.3850,9.8452,16.8850
-5.2436,9.8463,11.6939
4.2710,9.8480,17.7000
2.5427,9.8500,16.2691
0.1688,9.8509,19.9178
5.1349,9.8514,16.9540
-2.4393,9.8545,18.7585
2.4798,9.8551,17.0928
5.2503,9.8573,14.0460
-4.1044,9.8593,12.7146
4.7975,9.8601,17.2457
6.3562,9.8637,14.1612
-5.5630,9.8648,11.6952
4.7170,9.8679,17.0645
-1.3784,9.8683,16.4893
5.3027,9.8727,17.2456
-1.1286,9.8752,16.8481
5.6722,9.8762,14.7823
-1.5272,9.8767,16.2809
-2.2459,9.8801,18.9401
-2.1890,9.8849,19.0686
3.2921,9.8866,18.6955
6.0993,9.8874,13.9537
4.5402,9.8874,17.3778
5.7781,9.8892,14.9339
-5.5219,9.8905,11.6969
2.1059,9.8996,16.8291
0.1750,9.9006,20.2104
-5.1005,9.9061,11.6980
6.3579,9.9084,15.6409
-2.8000,9.9086,14.4824
3.6795,9.9123,16.9471
-2.7617,9.9150,18.9430
-4.5674,9.9177,12.1344
-5.4434,9.9178,11.6988
-3.0166,9.9178,19.1608
4.3743,9.9211,17.4652
-5.5583,9.9218,11.6990
5.9667,9.9245,16.8496
-5.2883,9.9262,11.6993
4.1353,9.9298,18.2544
2.1146,9.9325,17.1412
4.6662,9.9425,17.2326
-4.3718,9.9483,12.3248
0.3526,9.9506,19.8785
-5.2438,9.9519,17.9870
-2.3230,9.9535,15.0783
5.5701,9.9553,12.7646
6.3597,9.9554,16.5067
-3.6848,9.9570,13.2021
4.1050,9.9628,17.1912
-1.1120,9.9631,20.3461
-1.9997,9.9653,15.5180
3.7193,9.9657,18.3485
-4.1553,9.9663,12.5668
-2.8903,9.9673,19.1445
-0.8840,9.9689,20.4770
6.0298,9.9734,15.1677
3.7570,9.9793,17.1644
-0.3968,9.9809,17.7767
3.9607,9.9810,18.1297
-2.2699,9.9814,19.2197
3.3722,9.9976,17.0996
3.2063,9.9987,15.3806
-4.9783,9.9993,11.7043
5.3631,9.9996,17.3809
5.0720,10.0011,17.5944
-5.3746,10.0032,11.7046
-0.7339,10.0035,17.2613
5.5500,10.0063,14.3405
-5.3361,10.0074,11.7049
2.5847,10.0082,17.3600
-0.1151,10.0090,18.1930
-0.9395,10.0154,16.9758
-2.6033,10.0237,14.6516
-1.2734,10.0252,20.3959
4.1423,10.0258,17.7032
3.9706,10.0306,17.9503
5.0013,10.0348,13.7741
-3.6409,10.0353,19.0759
2.8883,10.0375,17.2743
-1.3316,10.0389,20.7487
2.7765,10.0393,17.3013
-1.6302,10.0393,15.9867
-4.9976,10.0425,18.1367
5.6727,10.0450,13.2832
-1.2764,10.0455,16.4646
3.7860,10.0472,18.2924
-2.9754,10.0547,14.1190
0.1476,10.0552,20.3662
4.1721,10.0567,17.4652
-1.2452,10.0589,20.5696
-1.7276,10.0591,15.8210
3.6045,10.0599,14.9232
-3.4280,10.0607,13.4803
0.3613,10.0658,19.3112
-5.5692,10.0697,18.0840
0.4634,10.0752,19.6714
1.8172,10.0757,16.9537
-0.1568,10.0761,20.5214
1.7664,10.0762,17.4084
-1.1663,10.0763,16.5996
-2.0924,10.0785,15.2833
-1.5165,10.0859,16.0935
4.1315,10.0899,17.5638
-3.3297,10.0933,19.3274
3.0861,10.0954,17.3169
3.7960,10.0968,18.1131
-2.7439,10.0974,19.3306
1.8370,10.1140,17.6116
2.2801,10.1167,16.3313
0.3773,10.1218,20.1498
3.3380,10.1228,17.4384
-2.2574,10.1229,19.4998
-1.3259,10.1261,21.0044
5.5885,10.1270,17.3809
-2.6746,10.1290,19.5166
-3.7254,10.1304,13.0165
3.8292,10.1313,17.5638
5.9432,10.1327,14.9032
5.2002,10.1331,13.8681
-1.2395,10.1461,20.8254
-5.7934,10.1539,17.8958
2.5554,10.1603,17.5725
5.7108,10.1616,14.4968
5.8858,10.1626,17.1152
-5.8343,10.1636,18.0039
-1.7504,10.1671,15.6854
0.2141,10.1684,20.4314
-1.3688,10.1702,21.1849
-4.1823,10.1713,18.9498
1.5176,10.1724,17.2658
2.7765,10.1764,17.4648
1.9901,10.1768,19.7633
3.0747,10.1815,17.5223
3.1280,10.1825,18.7277
5.9191,10.1879,13.6326
-5.9348,10.1906,17.9623
6.2034,10.1913,11.7174
-4.1651,10.1931,12.3993
-0.7840,10.1966,20.7855
3.6742,10.2001,17.7751
3.6926,10.2003,18.0773
6.3693,10.2042,15.5102
2.1228,10.2050,19.6121
-2.4085,10.2056,19.6673
1.4321,10.2114,17.6793
2.0619,10.2140,17.8184
-6.0491,10.2194,18.0374
3.3330,10.2242,17.7336
-2.9852,10.2308,19.6258
1.8396,10.2324,16.7624
4.6708,10.2336,18.0318
-1.3659,10.2365,16.1607
-0.3926,10.2434,20.8095
4.4173,10.2465,14.0642
5.3838,10.2484,14.0092
-3.3745,10.2560,19.4955
-4.7674,10.2588,11.7220
2.2868,10.2601,17.7794
6.1903,10.2616,15.2831
0.4851,10.2666,20.1953
2.8437,10.2732,17.7449
2.8787,10.2750,18.9473
0.7126,10.2754,19.6767
-0.4347,10.2840,17.4026
5.8863,10.2864,17.2578
4.9849,10.2873,17.9140
0.2046,10.2879,20.6620
2.9262,10.2898,19.0283
-1.2015,10.2939,21.0021
2.7213,10.2959,17.7834
-2.4301,10.2959,19.9140
5.6036,10.2995,12.7220
-2.2648,10.2997,14.8789
0.1483,10.3006,20.7792
0.2345,10.3024,18.3920
0.9066,10.3051,19.7917
-6.1587,10.3087,17.9884
3.4052,10.3092,18.3208
-6.1366,10.3106,18.2788
4.7858,10.3112,13.7786
-1.0380,10.3140,16.5540
-5.8444,10.3149,18.4526
3.1020,10.3159,17.9562
1.2745,10.3192,17.3809
-0.7669,10.3234,16.9138
1.1546,10.3262,17.5442
1.2251,10.3281,17.9647
-0.2475,10.3283,17.6297
-3.9417,10.3339,12.5865
3.1956,10.3348,18.5600
0.4938,10.3497,19.0171
-6.2597,10.3584,18.0799
5.6311,10.3590,12.9364
-4.6464,10.3606,19.0820
-2.2790,10.3625,20.1394
-1.3319,10.3630,21.2217
5.7184,10.3689,12.2819
-6.3237,10.3694,18.2656
-0.9459,10.3722,21.0050
0.0851,10.3746,20.8358
-2.7132,10.3750,19.9941
0.4510,10.3788,20.3660
-3.0022,10.3865,19.8567
2.4807,10.3940,19.4460
2.4527,10.3957,17.9902
3.1559,10.4007,18.2412
2.2211,10.4115,19.5074
-2.4251,10.4138,14.5739
-0.1610,10.4161,20.9415
-2.8546,10.4172,14.0153
0.8787,10.4187,17.7974
-0.8277,10.4209,16.7405
-3.5558,10.4211,19.6920
0.8428,10.4228,17.9940
6.0919,10.4272,14.9527
6.2469,10.4318,15.2001
6.3780,10.4333,15.4215
1.2185,10.4337,18.2640
-4.4855,10.4355,19.3975
0.4721,10.4371,18.6931
0.9835,10.4388,17.6331
-2.5622,10.4416,20.2196
-1.9348,10.4449,15.2012
0.5618,10.4466,20.2801
-5.6238,10.4479,18.9141
-5.8547,10.4497,18.7467
1.8017,10.4543,18.1629
-0.4668,10.4582,17.1993
-3.0638,10.4590,13.6977
-1.2510,10.4667,21.2180
2.8251,10.4670,18.8733
2.2330,10.4676,16.1639
-4.0897,10.4774,19.6941
2.4588,10.4791,19.3181
-1.2213,10.4812,16.1398
-3.8100,10.4821,19.7779
2.7545,10.4866,18.9975
1.4929,10.4877,18.3229
-1.6855,10.4946,15.5060
2.8977,10.5001,18.4546
2.9462,10.5009,18.6824
-4.5755,10.5018,11.7386
-3.9328,10.5060,12.4909
2.5747,10.5061,19.3785
5.6344,10.5078,12.4544
2.7306,10.5104,19.2508
0.8232,10.5126,19.5470
-3.9119,10.5156,12.5112
-3.9160,10.5162,12.5059
0.7665,10.5219,20.2484
1.7771,10.5258,19.9216
-1.0035,10.5279,16.3981
2.4423,10.5321,18.3972
6.3818,10.5324,14.7001
1.0769,10.5331,19.8153
2.9247,10.5349,15.4371
-2.7660,10.5360,20.3911
6.3820,10.5366,15.3345
2.8725,10.5396,19.1863
5.3488,10.5439,13.8323
2.7997,10.5455,19.2845
2.2444,10.5544,19.4478
-0.7370,10.5639,21.3533
0.7701,10.5659,18.4749
1.1369,10.5663,19.9252
2.7109,10.5698,18.5975
-0.2358,10.5724,21.1216
-2.4829,10.5727,20.6645
0.2555,10.5735,18.1267
0.6377,10.5749,19.1604
5.6308,10.5763,12.5464
0.6509,10.5801,17.9222
0.6150,10.5842,18.1188
-0.0333,10.5928,17.7047
-4.1802,10.5936,12.1592
-0.9592,10.5972,21.3608
-3.4931,10.5974,13.0227
6.3844,10.5987,14.7413
6.0878,10.6008,13.6324
2.5022,10.6045,19.1717
-5.4433,10.6052,19.3662
0.1637,10.6065,20.9093
2.6419,10.6077,18.9788
6.2092,10.6096,14.9855
-4.6424,10.6102,19.7536
0.7200,10.6144,19.3529
-3.6081,10.6151,20.1317
1.6091,10.6170,16.7673
-0.3949,10.6186,21.3396
0.5489,10.6217,18.3004
5.7667,10.6262,14.3118
6.3856,10.6299,15.2011
1.7369,10.6304,18.4524
-5.6281,10.6340,19.3565
-5.8590,10.6358,19.1891
0.1104,10.6370,17.8557
1.1164,10.6479,20.0556
-4.2467,10.6521,20.0502
-3.9669,10.6568,20.1340
4.0203,10.6583,14.2845
-2.5010,10.6612,14.3011
-3.4602,10.6616,20.3970
-3.6739,10.6617,20.2799
-0.3387,10.6626,17.1840
-3.7252,10.6629,20.2624
0.9964,10.6644,19.6771
-3.8558,10.6730,20.2079
2.5759,10.6743,15.7315
6.3873,10.6756,14.7335
4.8518,10.6791,13.6121
2.2878,10.6798,19.3014
-3.8581,10.6807,20.2540
3.4338,10.6810,14.8591
0.8680,10.6825,18.6911
0.9030,10.6882,20.3209
-4.6771,10.6915,19.9382
-3.6584,10.6940,12.7406
-3.8034,10.6959,20.3324
-3.9026,10.6984,20.2979
-4.4760,10.6986,11.7520
0.0615,10.7117,21.0107
0.7226,10.7133,18.7784
1.0866,10.7204,20.0965
-4.2168,10.7224,20.2563
1.8071,10.7224,18.7744
-5.0465,10.7230,19.7824
1.2174,10.7230,18.6895
5.1424,10.7249,13.5543
2.0864,10.7288,18.8528
-3.9807,10.7314,20.3679
0.9004,10.7314,17.5654
6.3895,10.7319,15.1204
0.4173,10.7332,18.1660
-3.8101,10.7348,12.5061
-3.8212,10.7375,12.4921
6.3898,10.7403,15.1030
-2.9635,10.7428,20.8301
6.3899,10.7431,15.0930
-0.1440,10.7442,17.3874
2.7351,10.7463,11.7553
-3.7930,10.7466,12.5205
-3.7886,10.7477,12.5253
2.2561,10.7478,11.7554
2.9244,10.7484,11.7554
-3.8000,10.7488,12.5118
-3.7989,10.7514,12.5115
1.7478,10.7544,11.7558
1.0469,10.7551,20.2915
-3.4913,10.7562,20.6385
-4.1503,10.7562,20.3741
1.2065,10.7575,17.2020
1.4029,10.7637,18.7472
5.5709,10.7664,13.9786
-2.0659,10.7718,14.7938
3.1468,10.7751,11.7572
1.5301,10.7775,11.7574
6.3917,10.7895,15.0843
-3.8823,10.7917,20.5568
0.7135,10.7982,19.0662
-4.2866,10.7990,20.4167
-0.6187,10.8016,16.6856
5.6527,10.8055,12.5464
3.2651,10.8067,11.7594
2.0715,10.8079,19.3678
-4.3512,10.8100,20.3951
1.2148,10.8105,11.7597
5.6810,10.8192,12.8600
-3.0882,10.8223,13.4258
5.6661,10.8252,12.4328
3.4099,10.8258,11.7607
1.6485,10.8276,19.9261
6.3932,10.8304,13.9014
1.0859,10.8351,20.2946
0.7958,10.8378,19.2588
1.8021,10.8389,16.4304
-4.7205,10.8415,20.2394
3.5575,10.8436,11.7619
-4.2212,10.8451,20.5224
1.1944,10.8463,20.3027
0.8200,10.8492,19.0083
0.0181,10.8527,17.5515
-0.7576,10.8533,16.4475
3.6182,10.8548,11.7627
-1.1708,10.8549,15.9115
0.5999,10.8598,17.8382
-3.9864,10.8626,20.6688
-3.6496,10.8660,12.6450
-3.6489,10.8670,12.6452
3.5733,10.8674,14.6673
3.6471,10.8733,11.7639
1.1426,10.8735,19.9803
-4.5906,10.8766,20.3667
0.6089,10.8767,11.7642
-3.6283,10.8773,12.6647
0.1873,10.8783,17.7446
-3.7783,10.8799,12.4771
-3.6421,10.8825,12.6458
5.9929,10.8866,11.7649
0.9023,10.8887,19.2009
1.0780,10.8910,19.7228
1.7599,10.8928,19.6802
-1.4253,10.8930,15.5508
3.2392,10.8941,12.3203
1.3045,10.9002,19.2021
-0.4297,10.9085,16.8436
5.9748,10.9125,13.3846
1.1818,10.9130,20.0988
4.7458,10.9206,13.6066
1.2904,10.9243,20.1068
0.1678,10.9258,11.7675
1.5512,10.9296,19.3669
1.0560,10.9298,19.4243
3.7204,10.9408,11.7686
-3.9206,10.9422,12.2834
0.1105,10.9424,17.5917
5.6671,10.9482,12.5018
1.4075,10.9556,20.0036
3.7646,10.9559,11.7696
1.3839,10.9561,16.8948
0.2257,10.9580,17.7115
0.2303,10.9598,17.7158
3.7934,10.9688,11.7705
3.7949,10.9694,11.7705
3.7572,10.9694,11.7705
3.8933,10.9707,12.2245
-0.0852,10.9733,17.2645
0.4324,10.9754,17.9003
3.8936,10.9878,11.9791
5.6753,10.9890,12.6456
-0.1925,10.9897,11.7719
0.7445,10.9910,17.6458
3.8222,10.9929,11.7721
0.1817,10.9929,17.6425
5.1253,10.9940,13.5063
0.1820,10.9959,17.6406
4.0516,10.9990,14.1839
0.1745,11.0035,17.6007
0.9911,11.0060,17.3447
3.8894,11.0062,11.9117
3.9823,11.0078,12.2761
0.1795,11.0082,17.6024
0.1752,11.0093,17.5961
3.4794,11.0093,12.7350
3.9676,11.0098,12.0692
0.1809,11.0107,17.6021
3.9606,11.0139,12.0467
3.9311,11.0152,12.0033
3.9641,11.0153,12.0486
-4.3240,11.0154,11.7736
5.6757,11.0181,12.3021
3.0356,11.0188,15.1526
3.9881,11.0207,12.0504
1.5188,11.0208,19.7576
5.8024,11.0216,14.2669
0.1490,11.0221,17.5585
-3.6002,11.0223,12.6312
3.9845,11.0262,12.0297
0.1509,11.0275,17.5557
0.2748,11.0295,17.7228
3.9579,11.0324,11.9822
6.4011,11.0351,15.0077
4.1171,11.0358,12.4135
4.0130,11.0365,12.0303
4.9375,11.0408,13.4830
3.9996,11.0414,12.0738
4.0496,11.0510,12.0983
4.0511,11.0510,12.1012
-0.6586,11.0554,11.7764
4.1939,11.0624,14.0477
4.0113,11.0643,12.8912
-0.8600,11.0653,11.7770
4.1910,11.0668,14.0509
4.2708,11.0704,12.6327
0.2233,11.0720,17.6139
6.4026,11.0744,13.7918
0.2212,11.0815,17.6029
-1.0612,11.0961,11.7791
0.1954,11.0972,17.5627
4.3106,11.1043,12.3655
4.3993,11.1071,13.8768
3.9217,11.1209,14.2942
3.9237,11.1236,14.2925
-2.3408,11.1241,14.2369
3.9186,11.1259,14.2978
0.3934,11.1291,17.7567
0.1038,11.1330,17.4007
-0.1425,11.1349,17.0634
4.2555,11.1350,13.1677
3.9099,11.1362,14.3070
-1.3201,11.1375,11.7820
5.6767,11.1410,12.3712
0.2390,11.1418,12.3541
4.8355,11.1425,13.4500
4.1653,11.1459,14.0705
4.4679,11.1470,12.6916
-0.8335,11.1481,16.1235
3.0750,11.1506,13.1953
3.9513,11.1511,11.7829
-0.2923,11.1516,16.8458
-0.2165,11.1543,12.2164
1.8768,11.1572,12.8867
5.6066,11.1618,13.9337
-4.2551,11.1620,11.7836
-1.4805,11.1636,11.7837
4.6235,11.1745,13.0568
4.5762,11.1804,12.8392
4.1574,11.1831,12.0642
4.0639,11.1844,14.1579
-0.8106,11.1859,12.0588
4.0630,11.1894,14.1593
4.0633,11.1896,14.1591
4.0606,11.1911,14.1619
4.0643,11.1918,14.1585
4.0577,11.1934,14.1650
4.0616,11.1944,14.1614
4.0611,11.1960,14.1620
4.0584,11.1985,14.1648
-0.9185,11.1987,12.0758
-0.9299,11.1992,12.0773
4.0519,11.1994,14.1710
-0.9347,11.1997,12.0784
-0.9406,11.2011,12.0801
4.0517,11.2012,14.1714
-2.8884,11.2072,13.4916
-1.8498,11.2076,11.7867
5.3674,11.2085,13.7394
5.8694,11.2096,13.2050
4.4706,11.2108,12.4755
3.8872,11.2129,14.3236
5.7859,11.2152,13.0270
0.3677,11.2204,12.5714
-0.8292,11.2277,12.1456
-0.8326,11.2279,12.1456
4.3182,11.2282,12.2442
4.4901,11.2286,13.7025
-0.8250,11.2289,12.1469
-0.8386,11.2300,12.1497
-0.8411,11.2312,12.1515
2.4981,11.2377,13.3243
-0.9329,11.2417,12.1639
-0.9477,11.2424,12.1654
-0.9478,11.2431,12.1678
4.1279,11.2438,13.5912
-2.1909,11.2470,11.7894
-0.9800,11.2474,12.1997
0.2722,11.2501,17.5254
6.4093,11.2504,13.8085
-2.2220,11.2507,11.7897
5.9164,11.2520,14.3848
-3.5352,11.2600,12.6306
4.8612,11.2665,13.1412
5.8839,11.2682,11.7909
-0.8734,11.2746,12.2662
-0.5808,11.2799,12.3858
4.0263,11.2805,14.1908
-0.9873,11.2894,12.2874
5.1019,11.2897,13.4999
-0.9932,11.2908,12.2891
-0.3380,11.3004,12.5926
1.7768,11.3030,16.2719
1.3204,11.3043,16.7636
4.5674,11.3086,12.5355
-0.0977,11.3134,12.6875
3.4792,11.3143,13.7749
-0.8400,11.3177,12.3858
-2.6320,11.3185,11.7943
4.7567,11.3191,12.7792
-1.7577,11.3221,14.8547
2.3578,11.3234,15.7320
0.4209,11.3330,17.6058
4.4783,11.3348,12.3542
0.6871,11.3392,17.5569
0.3384,11.3452,12.8502
5.6764,11.3490,12.3928
3.7462,11.3534,14.4597
3.4529,11.3561,14.7138
5.1218,11.3590,13.4132
5.8654,11.3637,11.7974
-4.2914,11.3694,11.7978
1.1221,11.3734,13.2628
4.9248,11.3812,12.9608
-0.0263,11.3821,17.0152
0.8558,11.3851,17.3447
-3.1603,11.3884,11.7991
-1.3664,11.3936,15.3069
-2.5104,11.4006,13.8929
-3.8301,11.4012,12.2834
5.4460,11.4024,13.7659
-0.1928,11.4028,12.8191
-3.2602,11.4052,11.8002
-3.2085,11.4071,12.9983
0.5014,11.4215,13.1313
5.7173,11.4279,12.5757
-0.8180,11.4298,12.7653
-1.0982,11.4301,12.6492
4.7216,11.4310,12.6316
-2.1383,11.4436,12.2822
6.4169,11.4476,14.8573
0.5365,11.4509,17.5569
-0.3637,11.4584,12.9197
-0.2835,11.4606,16.6382
-0.0520,11.4622,12.9818
1.2249,11.4718,16.8401
5.1854,11.4737,13.2328
3.4586,11.4817,14.2237
-3.7948,11.4902,11.8060
-0.5801,11.4958,13.0108
-4.0845,11.4976,12.0470
6.4192,11.5094,13.8614
-1.6226,11.5098,12.6492
0.2648,11.5169,17.2891
-0.8883,11.5171,12.9878
-0.2229,11.5177,13.0824
2.8874,11.5297,15.2162
4.1227,11.5332,11.8090
-0.7124,11.5421,16.0193
-4.3153,11.5678,11.8113
-0.0978,11.5683,16.7944
-4.3302,11.5699,11.8115
-4.3292,11.5702,11.8115
2.2101,11.5744,14.2001
1.9896,11.5807,16.0059
-1.7997,11.5848,12.7458
5.7991,11.5862,14.0782
0.5378,11.5880,17.4765
-0.6669,11.5905,13.1538
-0.2235,11.5923,13.3255
0.1781,11.6045,13.5297
0.1920,11.6045,17.1048
6.0724,11.6092,13.4314
3.1811,11.6096,14.4792
1.1832,11.6119,13.9442
-1.9153,11.6220,14.5130
3.2920,11.6266,14.8527
4.6350,11.6280,12.4022
-0.0797,11.6398,13.5284
0.4671,11.6459,17.4119
-0.9955,11.6609,13.2954
-0.4387,11.6632,16.2937
6.4254,11.6695,14.7764
-0.6325,11.6730,13.3549
0.2586,11.6738,13.7328
-0.4715,11.6767,13.4705
0.8003,11.6777,17.2595
-1.4777,11.6801,13.0857
-2.9583,11.6829,12.6108
5.7020,11.6843,12.3308
6.4261,11.6890,13.9394
-0.7723,11.6917,13.3819
-3.5606,11.6948,12.6306
-2.0853,11.6953,12.8449
-2.3514,11.6986,12.7650
-3.8545,11.7013,12.2871
-3.0476,11.7071,13.1823
-0.1206,11.7072,13.7214
5.8089,11.7146,12.8125
6.4273,11.7192,14.7566
5.8872,11.7193,14.0735
2.9032,11.7228,14.7235
2.4606,11.7231,15.5863
0.3658,11.7267,13.8935
1.6499,11.7325,14.4440
3.0141,11.7398,15.0971
2.6787,11.7427,15.4062
0.6711,11.7435,14.0931
-0.0191,11.7450,13.8019
0.1023,11.7469,13.8120
1.2949,11.7473,16.8353
-1.1276,11.7485,13.4128
-0.9908,11.7495,15.5633
2.5355,11.7504,14.7189
-3.3528,11.7609,12.6306
-0.3698,11.7610,13.7467
5.7850,11.7675,11.8249
-3.1628,11.7715,12.7649
4.8251,11.7752,12.5726
0.0601,11.7837,13.8854
0.1336,11.7903,13.9893
-1.7633,11.7905,13.1848
6.4301,11.7937,14.0939
-3.5454,11.7962,12.6306
-3.2573,11.7979,12.9687
5.4253,11.8020,13.3446
4.1992,11.8047,11.8275
-2.4332,11.8255,13.8787
-2.6305,11.8258,13.0278
-0.0143,11.8266,14.0572
4.6188,11.8334,12.2794
0.5928,11.8428,17.3268
6.4321,11.8463,14.6792
6.4323,11.8511,14.2095
6.1177,11.8511,13.5412
0.9444,11.8545,17.0510
4.2622,11.8573,11.8311
6.1716,11.8588,14.3733
6.2226,11.8595,13.8176
-0.0093,11.8670,16.6959
-2.3514,11.8670,13.1819
-0.4310,11.8735,13.9989
6.4332,11.8737,14.3410
-0.2505,11.8948,14.1251
-3.0593,11.9051,13.0229
0.1136,11.9056,14.2479
6.4348,11.9165,14.5330
0.5798,11.9239,14.5415
-2.6503,11.9321,13.6614
5.7939,11.9331,13.7864
6.1278,11.9353,13.9146
-1.9015,11.9356,13.4990
1.2219,11.9371,16.8575
0.2325,11.9446,16.9280
1.3241,11.9526,14.8902
4.2960,11.9540,11.8377
-2.6799,11.9616,13.2858
-0.9134,11.9664,13.9726
1.8596,11.9704,16.0465
-1.8415,11.9791,14.5335
-2.9973,11.9821,13.2266
0.2810,11.9841,14.5226
-1.6461,11.9970,13.7380
5.6994,12.0041,12.4615
-0.0049,12.0046,14.4355
-0.2194,12.0099,14.4000
0.7661,12.0124,14.8389
2.3907,12.0187,15.3385
-0.6267,12.0285,14.2596
-0.3359,12.0318,16.2536
5.2031,12.0339,12.9250
-2.2636,12.0364,14.0887
4.7908,12.0417,12.4007
-1.1464,12.0584,14.0598
-2.7050,12.0699,13.5516
-2.4879,12.0745,13.6305
0.1625,12.0831,14.7102
1.6845,12.0870,16.3002
6.0173,12.0871,13.3959
-2.1497,12.0956,14.2069
5.9738,12.0962,13.7538
1.9673,12.1166,15.9809
2.2001,12.1266,15.7946
-0.3886,12.1266,14.5827
-0.0922,12.1280,16.4997
1.3112,12.1366,15.3464
0.5735,12.1383,17.1702
-1.8943,12.1402,14.0306
2.1301,12.1428,15.5612
-2.2636,12.1476,13.9503
-0.8840,12.1479,15.6034
-0.1610,12.1591,14.7802
0.8498,12.1854,17.0316
-2.1497,12.1865,14.0791
-1.5447,12.2070,14.1635
1.3168,12.2078,16.6806
-1.7447,12.2087,14.1996
-1.5304,12.2094,14.8943
5.7121,12.2105,11.8552
5.8940,12.2108,12.7839
4.2114,12.2120,11.8553
0.6234,12.2163,15.2214
1.7017,12.2166,15.6418
4.7616,12.2295,12.4007
1.5796,12.2327,16.4094
-1.1822,12.2374,14.3213
0.3796,12.2447,16.9557
1.5232,12.2448,16.5697
-1.4082,12.2461,14.1853
-0.1660,12.2486,14.9848
5.9681,12.2564,13.5114
0.8962,12.3023,15.5345
0.6865,12.3042,17.0835
-0.5028,12.3092,16.0193
1.5523,12.3101,16.3214
1.7649,12.3105,16.1465
-1.8078,12.3197,14.2935
1.0882,12.3211,16.7611
-1.1062,12.3222,15.3661
5.6821,12.3248,12.4240
5.9735,12.3468,13.0795
-1.1266,12.3614,14.7098
0.1623,12.3663,16.6867
5.7206,12.3878,11.8673
-1.6464,12.3906,14.6131
1.5693,12.3943,16.0408
0.1920,12.3969,15.4731
-0.5428,12.3997,15.1408
0.4499,12.4150,15.5858
-1.4341,12.4264,14.5821
-0.9533,12.4281,15.0888
5.6722,12.4638,12.4860
1.3801,12.4655,16.4629
5.7057,12.4716,12.2740
5.3033,12.4732,12.9809
1.1380,12.4750,16.6722
1.1685,12.4812,16.2776
4.0479,12.5006,11.8749
0.7227,12.5010,15.8989
5.8512,12.5111,12.5471
5.7189,12.5159,13.5270
5.6673,12.5350,13.4401
0.7643,12.5498,16.2236
-0.9550,12.5514,15.4606
1.1919,12.5528,16.5249
5.7007,12.5588,12.4860
0.1027,12.5596,16.6346
-0.4181,12.5618,15.5851
0.9497,12.5624,16.7342
4.9385,12.5924,12.6285
-0.0198,12.5972,15.8255
-0.3187,12.5986,16.2132
5.7436,12.6270,13.5525
5.5100,12.6272,13.2543
0.6642,12.6285,17.0434
-0.6415,12.6354,15.7382
0.7657,12.6608,16.9063
3.9013,12.6673,11.8863
5.7361,12.7057,11.8889
-0.3836,12.7156,16.0883
0.5856,12.7164,16.5535
0.2787,12.7316,16.8134
-0.0240,12.7407,16.2048
5.9849,12.7429,13.5469
0.5098,12.7563,17.0399
6.0671,12.7798,13.0277
0.6763,12.7859,16.8897
5.6222,12.7896,13.4933
5.3886,12.7898,13.1951
4.4468,12.7913,12.4398
0.2819,12.7930,16.4955
5.8963,12.8167,12.5471
3.7536,12.8443,11.8984
5.8186,12.8490,12.4860
0.2896,12.8618,16.7553
0.5208,12.8865,16.9818
5.9483,12.8919,12.5471
5.8137,12.9008,12.3360
5.9041,12.9098,13.6147
5.0125,12.9154,12.7182
3.6527,12.9525,11.9058
6.1277,13.0066,13.3796
4.3137,13.0080,12.4398
6.0492,13.0089,12.5471
5.9233,13.0280,12.5235
3.8967,13.0702,12.0729
5.3467,13.0711,13.0931
5.5287,13.0900,13.3044
6.1763,13.0954,12.9554
4.9116,13.0969,12.5661
6.2209,13.1755,12.8974
5.2376,13.1852,12.8895
6.1792,13.1889,12.5471
6.0052,13.2100,12.5235
4.1886,13.2243,12.2979
5.8403,13.2328,11.9249
6.2344,13.2364,12.6742
4.0342,13.2529,12.1365
5.9300,13.2668,12.2439
5.9153,13.2813,13.5693
6.2308,13.2965,13.2312
5.6614,13.2989,13.3182
6.1702,13.3427,13.4305
6.4899,13.3561,13.1853
6.4900,13.3581,13.2231
6.4904,13.3686,13.2337
6.4909,13.3828,13.2389
6.1919,13.4190,13.3545
6.0386,13.4507,13.5524
6.0282,13.4653,13.4383
5.5607,13.5442,13.1529
6.0595,13.5472,12.3939
3.8669,13.5570,12.0764
5.9848,13.5752,13.4105
5.7651,13.6108,13.3001
6.3996,13.6113,12.6036
6.5011,13.6486,13.3209
6.1395,13.7239,12.3939
5.3186,13.7320,13.0703
5.9698,13.7430,11.9597
5.8538,13.7865,13.3629
3.9557,13.7868,12.0796
6.2152,13.9089,12.3016
3.8971,14.0223,12.1000
6.5160,14.0384,13.4875
4.2239,14.0692,12.3883
3.7373,14.1292,12.1369
6.1110,14.1359,11.9865
4.0061,14.1498,12.1262
6.5233,14.2294,13.6047
3.9795,14.2552,12.2844
6.5270,14.3253,13.6498
4.3962,14.3464,12.8880
3.9565,14.3495,12.4020
3.8234,14.3509,12.2807
4.0129,14.4208,12.5482
6.2726,14.4345,12.0069
6.5317,14.4478,13.7168
5.4544,14.5024,13.8238
6.5353,14.5424,13.8109
3.9308,14.5598,12.5482
4.0357,14.5627,12.6958
5.3007,14.6061,13.7591
3.8092,14.6485,12.2794
5.7981,14.6981,14.0361
5.6149,14.7218,13.8841
6.5439,14.7670,13.9914
3.8734,14.7843,12.4007
5.9291,14.8153,14.1219
6.5478,14.8676,13.8306
6.2891,14.8777,14.1518
6.0530,14.8996,14.0785
3.9919,14.9501,12.6769
4.1198,15.0132,12.8151
6.5534,15.0148,13.6023
6.5548,15.0509,13.4639
3.9114,15.0587,12.4007
6.5556,15.0732,13.1566
6.3023,15.0822,13.9615
6.5567,15.1010,12.8564
6.0663,15.1042,13.8882
3.9021,15.1061,12.5293
5.5894,15.1222,13.6423
3.8398,15.1279,12.0542
6.5580,15.1342,12.8148
6.3195,15.1538,13.8182
6.3716,15.1549,13.0308
3.9737,15.1984,12.0590
6.4183,15.2081,12.0596
6.4092,15.2101,12.0598
6.5610,15.2142,12.6933
6.3857,15.2206,12.0605
6.4931,15.2235,12.1090
6.2288,15.2271,12.0609
6.0589,15.2357,12.0615
6.5623,15.2481,12.2019
4.0024,15.2498,12.3399
6.3347,15.2511,13.3906
6.5626,15.2551,12.5328
4.1965,15.2680,12.7471
5.8136,15.2792,12.0645
4.3140,15.2989,12.0658
6.5646,15.3074,12.3846
5.9105,15.3135,13.6816
4.2314,15.3144,12.4627
4.4333,15.3175,12.3483
5.2370,15.3227,12.0674
6.3414,15.3232,13.1146
4.8174,15.3337,12.0682
4.6641,15.3358,12.0683
4.1127,15.3384,12.4627
3.9340,15.3528,12.5293
4.6589,15.3545,12.3401
5.7407,15.3921,13.5442
4.5710,15.3948,12.5560
5.1187,15.4300,12.3401
4.2489,15.4303,12.6089
6.3106,15.4384,12.7042
6.1910,15.4457,13.6011
4.1740,15.4532,12.5293
6.0863,15.4590,12.5846
4.0255,15.4746,12.5293
6.2482,15.4757,13.4564
6.2989,15.5183,13.0338
6.2468,15.5287,12.8916
5.6850,15.5333,12.7196
5.9148,15.5789,12.8277
5.9484,15.5834,13.5363
5.6615,15.6012,12.9772
6.0080,15.6256,13.5509
6.0776,15.6256,13.5524
6.2425,15.6261,13.1372
6.0907,15.6365,13.0151
6.1986,15.6557,13.2839
5.7846,15.6620,13.3094
5.8395,15.6812,13.4209
5.8454,15.6812,13.3314
6.0305,15.6939,13.1633
物体2:1040
-16.2453,-13.6965,-8.2101
-15.8561,-13.5711,-8.3441
-16.5869,-13.4922,-7.8769
-15.7779,-13.2991,-8.3406
-15.1351,-13.2383,-8.9673
-16.6867,-13.1514,-7.5998
-15.2596,-13.1164,-8.7741
-16.0457,-13.0842,-8.1166
-14.9408,-13.0831,-9.1769
-16.4649,-13.0518,-7.7869
-14.6663,-12.9572,-9.3283
-14.2014,-12.7940,-9.6650
-14.4759,-12.7856,-9.4851
-13.9835,-12.6771,-9.8863
-16.8243,-12.5956,-7.5836
-15.6666,-12.5870,-8.4887
-13.8939,-12.5753,-10.0801
-15.2560,-12.5595,-8.8583
-13.6349,-12.5487,-10.3521
-13.3314,-12.5170,-10.6641
-16.4459,-12.4847,-7.8485
-13.5411,-12.4450,-10.5439
-13.7881,-12.4309,-10.2724
-14.8014,-12.4159,-9.3061
-13.2257,-12.3726,-10.8564
-13.3951,-12.3321,-10.7013
-12.8576,-12.2692,-11.2800
-12.5921,-12.2608,-11.5555
-13.0829,-12.2372,-11.0418
-16.6713,-12.2079,-7.7685
-12.7941,-12.1901,-11.4019
-12.4141,-12.1509,-11.7370
-15.9533,-12.1433,-8.3438
-12.2542,-12.0525,-11.9046
-12.7070,-12.0220,-11.5161
-14.6847,-12.0140,-9.5389
-13.8755,-12.0051,-10.2798
-12.4557,-11.9960,-11.7747
-12.2775,-11.9453,-11.9208
-13.4738,-11.8431,-10.7373
-14.2689,-11.8093,-9.9815
-16.6453,-11.8084,-7.8965
-12.2634,-11.7836,-11.9586
-16.4939,-11.5505,-7.9102
-16.0405,-11.4589,-8.3860
-12.8391,-11.4490,-11.4828
-12.2634,-11.3583,-12.0990
-13.6622,-11.3315,-10.7150
-15.0092,-11.3216,-9.4694
-16.3859,-11.2662,-8.0115
-14.5933,-11.1169,-9.9120
-13.3399,-11.0735,-11.1082
-15.6236,-11.0666,-8.9092
-16.4031,-11.0187,-8.0086
-12.5736,-11.0153,-11.8989
-14.1650,-10.7162,-10.3797
-16.5549,-10.7039,-8.2190
-14.6893,-10.6801,-9.9135
-14.4659,-10.5952,-10.1051
-15.9867,-10.4654,-8.7927
-16.5407,-10.4203,-8.4159
-12.5687,-10.3540,-12.0747
-13.6056,-10.3080,-11.0973
-15.0364,-10.2877,-9.7585
-12.2585,-10.2289,-12.4259
-15.1959,-10.2114,-9.7672
-14.7192,-10.1821,-9.9448
-14.9306,-10.1322,-9.8281
-14.3088,-10.1199,-10.4560
-15.3519,-10.0899,-9.6804
-15.7154,-10.0892,-9.2594
-12.2134,-10.0884,-12.5040
-16.6384,-10.0805,-8.5512
-14.6279,-10.0300,-9.9756
-14.0717,-9.9698,-10.7804
-12.2844,-9.9315,-12.4572
-12.8395,-9.8516,-11.8953
-14.5183,-9.8469,-10.2122
-13.2887,-9.8432,-11.5033
-15.3964,-9.8318,-9.8238
-12.3479,-9.7915,-12.4572
-16.5518,-9.7046,-8.6215
-12.2134,-9.6972,-12.6430
-12.4203,-9.6761,-12.4572
-15.8713,-9.5651,-9.3068
-15.1531,-9.5367,-10.1557
-14.1634,-9.5325,-10.8077
-13.5962,-9.5275,-11.2149
-12.5087,-9.5117,-12.4572
-12.3311,-9.5079,-12.6155
-13.3646,-9.4597,-11.4699
-16.4271,-9.4569,-8.7120
-14.9381,-9.4514,-10.3209
-15.4959,-9.4459,-9.7795
-13.8019,-9.4443,-11.0309
-12.6813,-9.4221,-12.2465
-13.9789,-9.4041,-10.9071
-13.5253,-9.3881,-11.1775
-16.1156,-9.3539,-9.0658
-13.7310,-9.3049,-10.9935
-15.3336,-9.2539,-9.9810
-14.5859,-9.2352,-10.5466
-14.4441,-9.2005,-10.6228
-13.1145,-9.1854,-11.6952
-12.4702,-9.1529,-12.6155
-13.7436,-9.1432,-10.8731
-14.7829,-9.1256,-10.4299
-14.2596,-9.0721,-10.7223
-12.3526,-8.9626,-12.7379
-16.5000,-8.9608,-8.8637
-12.8734,-8.9155,-12.2525
-13.9003,-8.8555,-10.7412
-13.0409,-8.8360,-11.9552
-14.2791,-8.8222,-10.7019
-16.0189,-8.8109,-9.2705
-15.2057,-8.7786,-10.1431
-14.8205,-8.7356,-10.4717
-14.0843,-8.7271,-10.7175
-16.3558,-8.7000,-9.0456
-13.0340,-8.6120,-12.1278
-12.8188,-8.5901,-12.4632
-14.9169,-8.5693,-10.4460
-12.3526,-8.5613,-12.7976
-14.4388,-8.5560,-10.6946
-15.7650,-8.5450,-9.6166
-13.0815,-8.5083,-12.0222
-15.5134,-8.4935,-9.9051
-15.2957,-8.4935,-10.1174
-14.2101,-8.4609,-10.7135
-14.6733,-8.4505,-10.6539
-14.5661,-8.4505,-10.7019
-16.3140,-8.4342,-9.1688
-14.3446,-8.3897,-10.7651
-16.4323,-8.3827,-9.1350
-12.8579,-8.3699,-12.4715
-14.1877,-8.3554,-10.7367
-15.5909,-8.3484,-9.8329
-16.0744,-8.3358,-9.3004
-16.1489,-8.3358,-9.2347
-15.8811,-8.3358,-9.5052
-14.3822,-8.3051,-10.7928
-14.2572,-8.3051,-10.7750
-14.5976,-8.3008,-10.7318
-15.0444,-8.3008,-10.3835
-14.8399,-8.3008,-10.5696
-14.7065,-8.3008,-10.6770
-12.8849,-8.2866,-12.4618
-12.8276,-8.2866,-12.5221
-15.9316,-8.2744,-9.4501
-16.3329,-8.2704,-9.1692
-15.1440,-8.2398,-10.3040
-12.6030,-8.2329,-12.6752
-13.0714,-8.2280,-12.2477
-13.1198,-8.2280,-12.1395
-15.6820,-8.2135,-9.7377
-14.5038,-8.1966,-10.7939
-12.9804,-8.1886,-12.3834
-16.1424,-8.0746,-9.3277
-16.1566,-8.0746,-9.3152
-14.4629,-8.0507,-10.9328
-15.0852,-7.9505,-10.4420
-15.9978,-7.9397,-9.4953
-16.2231,-7.9357,-9.2979
-15.4245,-7.9242,-10.0995
-14.4782,-7.8207,-11.0569
-13.0256,-7.7992,-12.4354
-16.2876,-7.6933,-9.3147
-14.1931,-7.6776,-11.4121
-14.7738,-7.6772,-10.8151
-13.7976,-7.6423,-11.7779
-12.4269,-7.5537,-13.0308
-15.5673,-7.5305,-10.0920
-16.3016,-7.5262,-9.3875
-15.8910,-7.4851,-9.7756
-16.4201,-7.4691,-9.4758
-13.7055,-7.4570,-11.8564
-13.2640,-7.4017,-12.2830
-14.8385,-7.1883,-10.8743
-16.3396,-7.0650,-9.6302
-14.2719,-7.0408,-11.4174
-12.6590,-6.9855,-13.0011
-15.5504,-6.9814,-10.3027
-16.0356,-6.9099,-9.8179
-13.0489,-6.9067,-12.6455
-15.2487,-6.8386,-10.5828
-13.3419,-6.8205,-12.3710
-16.7619,-6.7058,-9.9219
-16.4196,-6.5875,-9.8084
-15.8448,-6.5607,-10.1120
-14.2052,-6.4308,-11.6902
-12.6793,-6.3899,-13.1476
-13.0691,-6.3110,-12.7920
-13.7167,-6.2657,-12.2173
-12.4472,-6.2550,-13.3624
-15.1618,-6.2413,-10.8213
-15.8468,-6.0844,-10.2377
-14.6849,-5.9810,-11.3856
-13.3319,-5.9654,-12.6230
-15.4654,-5.9078,-10.6670
-16.7201,-5.8288,-10.2268
-16.1980,-5.7662,-10.0674
-12.6962,-5.7478,-13.2564
-13.7509,-5.6852,-12.3698
-15.9732,-5.6475,-10.2200
-13.3523,-5.5417,-12.6995
-13.1064,-5.4592,-12.9492
-15.4911,-5.4323,-10.7765
-12.4255,-5.3842,-13.6469
-16.3426,-5.2998,-10.2640
-14.7640,-5.2916,-11.5287
-15.2513,-5.2873,-11.0077
-15.8373,-5.1981,-10.4978
-15.0472,-5.1599,-11.2322
-13.9434,-5.0739,-12.3698
-13.7111,-4.9473,-12.5529
-15.2928,-4.8871,-11.0808
-13.3534,-4.8481,-12.9064
-14.4304,-4.8044,-11.9858
-12.5419,-4.7958,-13.7886
-16.3187,-4.7109,-10.4850
-15.8989,-4.6672,-10.5903
-12.8275,-4.6196,-13.5640
-12.2929,-4.5780,-14.1445
-13.1232,-4.5349,-13.3015
-13.7338,-4.5223,-12.6567
-15.5941,-4.5012,-10.9420
-16.6475,-4.4837,-10.7119
-13.3552,-4.4636,-13.0928
-16.1202,-4.4256,-10.5859
-14.6817,-4.2685,-11.9205
-12.9905,-4.2397,-13.5772
-12.2929,-4.1507,-14.3284
-12.9559,-4.1261,-13.6866
-12.7053,-4.1032,-13.9663
-15.6470,-4.0493,-11.0046
-14.0588,-4.0362,-12.5803
-13.2759,-4.0298,-14.1995
-15.1660,-4.0245,-11.5338
-13.6248,-4.0044,-13.0483
-12.5680,-3.9934,-14.1459
-13.3759,-3.9835,-13.9769
-12.8294,-3.9760,-13.9709
-13.2299,-3.9722,-13.4944
-13.1867,-3.9569,-14.2326
-14.4490,-3.9547,-12.3045
-13.1704,-3.9404,-14.4784
-16.0724,-3.9352,-10.7757
-13.0582,-3.9297,-13.7614
-13.0839,-3.9124,-14.1061
-13.9480,-3.9028,-12.7854
-13.4975,-3.8979,-13.2776
-13.1630,-3.8956,-13.8312
-15.4700,-3.8933,-11.2069
-12.7803,-3.8812,-14.1601
-12.4065,-3.8738,-14.3243
-16.6185,-3.8698,-10.9790
-13.3897,-3.8553,-13.7597
-12.9301,-3.8517,-14.2255
-13.1285,-3.8406,-14.5140
-13.3368,-3.8305,-13.6591
-12.6534,-3.8088,-14.2316
-12.9909,-3.7964,-14.3876
-15.5674,-3.7742,-12.6464
-14.9843,-3.7361,-13.3654
-13.5189,-3.7293,-13.3016
-12.9409,-3.7021,-14.4804
-13.4147,-3.7011,-13.4542
-13.1990,-3.6978,-14.7684
-15.3046,-3.6914,-13.1530
-15.3506,-3.6863,-12.8353
-14.0815,-3.6683,-12.8035
-14.5750,-3.6521,-13.1694
-14.7970,-3.6443,-12.1353
-15.1388,-3.6271,-11.7486
-15.2776,-3.6199,-12.6654
-13.7059,-3.6162,-13.1932
-16.7611,-3.6102,-11.1794
-14.1862,-3.6084,-13.2053
-13.1209,-3.6069,-14.7318
-16.1289,-3.6007,-10.8901
-13.9235,-3.5877,-13.0282
-15.0831,-3.5382,-12.6654
-14.3632,-3.5318,-12.5983
-14.5939,-3.4949,-12.7872
-14.8548,-3.4921,-12.6654
-14.6377,-3.4413,-12.3544
-16.3275,-3.4215,-11.0133
-15.7104,-3.4053,-11.1685
-15.3002,-3.3666,-11.6701
-14.7515,-3.3495,-12.3544
-15.0743,-3.2883,-12.1249
-15.5677,-3.2760,-11.4169
-15.3075,-3.2401,-11.8273
-15.9439,-3.2268,-11.0807
-15.6313,-3.0742,-11.4356
-15.5128,-3.0678,-11.6695
-15.8596,-3.0184,-11.2586
-15.5691,-2.9925,-11.5310
-16.1482,-2.9573,-11.2590
-15.8654,-2.9281,-11.3138
-15.7009,-2.8679,-11.4613
-17.2134,3.7055,-12.0836
-17.2347,3.7412,-12.0262
-17.2134,3.7507,-12.0876
-17.2235,3.7622,-11.9513
-17.1979,3.7629,-11.9655
-17.2347,3.7864,-12.0302
-13.4504,5.4030,-16.5512
-13.3104,5.4416,-16.5512
-13.2462,5.5245,-16.4614
-12.4972,5.5612,-16.5729
-12.7370,5.5735,-16.5729
-12.8975,5.5817,-16.4831
-13.4541,5.6302,-16.2308
-12.8958,5.6779,-16.4236
-17.2503,5.6905,-12.5858
-13.1669,5.7017,-16.2426
-14.0258,5.7227,-16.0478
-13.7522,5.7416,-16.0033
-14.3192,5.7930,-15.7758
-17.2914,5.7964,-12.4266
-17.3473,5.8087,-12.2727
-17.4808,5.8128,-12.3755
-17.2862,5.8230,-12.3462
-17.4043,5.8473,-12.2523
-17.2225,5.8601,-12.4954
-17.2165,5.8815,-12.6636
-17.1233,5.8874,-12.9939
-17.2165,5.8920,-12.5544
-17.2098,5.9003,-12.4393
-17.1847,5.9070,-12.5775
-17.3761,5.9101,-12.2406
-17.2098,5.9195,-12.3722
-17.2172,5.9295,-12.3886
-17.6104,5.9393,-12.2415
-17.1713,5.9433,-12.4986
-17.2172,5.9545,-12.1678
-17.2172,5.9564,-12.2905
-14.5239,5.9601,-15.3955
-16.6393,5.9677,-13.2842
-17.5187,5.9692,-12.2199
-17.1497,5.9703,-12.4922
-17.1261,5.9734,-12.1379
-17.1588,6.0111,-12.6376
-18.5784,6.0191,-11.3193
-17.0974,6.0199,-12.8907
-17.3812,6.0210,-12.2656
-17.1366,6.0214,-12.4986
-14.8948,6.0217,-15.1733
-17.2835,6.0241,-12.2175
-17.8047,6.0372,-12.1997
-16.5963,6.0390,-13.2508
-18.5826,6.0400,-11.3303
-17.0680,6.0449,-12.2575
-16.9842,6.0466,-12.0915
-18.5702,6.0472,-11.3477
-17.0503,6.0526,-11.9858
-18.5574,6.0527,-11.3586
-12.6502,6.0687,-16.1568
-16.1798,6.0703,-13.5500
-17.7271,6.0706,-12.4443
-17.1238,6.0744,-12.5523
-16.7988,6.0839,-13.2448
-17.1477,6.0903,-12.0574
-16.9541,6.1109,-13.0408
-17.1750,6.1169,-12.4314
-16.4029,6.1199,-13.4012
-17.5161,6.1209,-12.2121
-17.2428,6.1224,-12.1843
-16.9085,6.1258,-11.9395
-17.9258,6.1279,-12.0583
-17.9443,6.1322,-12.3337
-13.4201,6.1326,-15.9333
-15.0449,6.1434,-14.8309
-17.0680,6.1536,-12.2574
-17.1625,6.1609,-12.5366
-15.3386,6.1788,-14.3362
-17.2428,6.1832,-12.2764
-17.0342,6.1834,-12.0231
-17.1888,6.1861,-12.4563
-13.7845,6.1923,-15.6754
-14.9632,6.1957,-14.6956
-16.8923,6.2035,-11.9685
-16.0998,6.2066,-13.7862
-17.1099,6.2128,-12.1751
-17.0543,6.2253,-12.8380
-17.1976,6.2316,-12.6026
-16.9681,6.2329,-12.1204
-17.2892,6.2331,-12.3900
-17.2229,6.2389,-12.4666
-15.2979,6.2732,-14.3329
-15.1265,6.2742,-14.4327
-15.5630,6.2797,-14.1494
-18.0103,6.2816,-11.9343
-15.7558,6.2864,-14.0912
-17.2052,6.3052,-12.5821
-15.9255,6.3171,-14.0462
-14.4029,6.3238,-15.3034
-15.9771,6.3252,-13.9116
-18.1982,6.3291,-11.8083
-17.6028,6.3379,-12.2652
-14.8780,6.3585,-14.7652
-15.5222,6.3741,-14.1461
-17.4735,6.3862,-12.3992
-16.4231,6.4036,-13.5276
-15.9936,6.4196,-13.8103
-17.3134,6.4348,-12.5821
-15.0413,6.4370,-14.5023
-17.0233,6.4384,-12.9610
-18.2787,6.4722,-11.9134
-15.7150,6.4861,-14.0309
-15.9419,6.5169,-13.8879
-16.2001,6.5183,-13.7019
-13.4772,6.5370,-15.7661
-17.5464,6.5400,-12.4757
-14.0347,6.5452,-15.4708
-14.6840,6.5474,-15.0048
-16.7407,6.5629,-13.2962
-18.1015,6.5759,-11.9282
-16.1485,6.6155,-13.7796
-15.7965,6.6299,-13.9916
-17.9383,6.6427,-12.1150
-17.3495,6.6766,-12.6717
-21.5413,6.6838,-8.8002
-18.3789,6.6874,-11.9458
-21.5769,6.7024,-8.7900
-17.1122,6.7042,-12.9140
-18.3720,6.7049,-11.7968
-16.1071,6.7137,-13.8402
-15.2538,6.7163,-14.4046
-21.5624,6.7317,-8.7821
-16.6457,6.7317,-13.3718
-18.3101,6.7360,-11.7977
-16.7625,6.7711,-13.2170
-16.4074,6.7727,-13.5773
-17.6515,6.7764,-12.4757
-17.1692,6.7902,-12.8839
-15.6449,6.7983,-14.1089
-16.4054,6.8028,-13.4931
-21.5614,6.8109,-8.8262
-16.2381,6.8166,-13.7366
-17.2413,6.8172,-12.8288
-18.5057,6.8550,-12.0274
-14.6163,6.8571,-14.9597
-16.5466,6.8579,-13.2970
-16.6654,6.8672,-13.2263
-16.9465,6.8681,-13.0944
-17.5112,6.8893,-12.5662
-18.4262,6.9098,-11.8047
-13.5614,6.9208,-15.3612
-15.0228,6.9475,-14.6225
-15.9427,6.9494,-13.9448
-14.2903,6.9531,-15.1766
-16.8494,6.9641,-13.1037
-12.9341,6.9786,-15.2336
-17.8089,6.9982,-12.3515
-18.0592,7.0072,-12.1248
-12.7247,7.0216,-15.2059
-18.6907,7.0354,-11.7587
-13.5566,7.0368,-14.9028
-12.4906,7.0369,-15.2370
-17.0151,7.0371,-13.0104
-12.7325,7.0381,-14.8572
-17.3292,7.0397,-12.8358
-16.5042,7.0410,-13.4231
-13.2330,7.0428,-14.8023
-12.4023,7.0961,-14.9418
-16.6454,7.0961,-13.2270
-18.5802,7.1081,-11.7341
-17.5061,7.1097,-12.5662
-17.2644,7.1163,-12.8700
-17.4324,7.1194,-12.6787
-14.0925,7.1205,-14.7556
-17.0694,7.1236,-12.9264
-18.7544,7.1373,-11.5767
-13.1197,7.1413,-14.4930
-12.6114,7.1776,-14.6366
-17.6076,7.1945,-12.4445
-17.3675,7.1961,-12.7129
-16.0211,7.1991,-13.8955
-17.8140,7.2103,-12.3202
-15.2708,7.2149,-14.4243
-12.2894,7.2264,-14.5900
-18.9835,7.2388,-11.3261
-16.9299,7.2507,-13.0143
-18.5999,7.2757,-11.6808
-18.3583,7.2819,-11.8916
-14.6665,7.2919,-14.3405
-16.4595,7.3059,-13.5270
-17.9679,7.3299,-12.1408
-17.3439,7.3550,-12.7595
-12.5711,7.3555,-14.0954
-15.7657,7.3623,-14.0748
-13.0651,7.3662,-13.8499
-18.2619,7.3925,-11.9388
-17.9138,7.4034,-12.1214
-17.6527,7.4091,-12.4445
-19.0939,7.4147,-11.2693
-12.3621,7.4303,-14.0251
-17.0840,7.4349,-12.9909
-12.6376,7.4409,-13.6729
-19.3067,7.4492,-11.1293
-19.5744,7.4735,-11.1865
-19.7985,7.4743,-11.1355
-18.8846,7.4808,-11.4666
-17.2408,7.4841,-12.9856
-18.4079,7.4928,-11.7699
-17.8050,7.4984,-12.3009
-14.7883,7.4994,-13.7794
-19.6937,7.5001,-11.1645
-19.8565,7.5023,-10.9172
-19.4059,7.5041,-11.1337
-19.7517,7.5280,-10.9463
-13.2717,7.5301,-13.4225
-12.2492,7.5337,-13.6547
-18.2569,7.5488,-11.8348
-19.4409,7.5499,-11.5352
-17.5390,7.5508,-12.6356
-19.9414,7.5522,-10.7350
-18.4571,7.5755,-11.6853
-14.0723,7.5949,-13.3925
-16.1566,7.5955,-13.7222
-18.6351,7.6015,-11.5837
-16.5677,7.6044,-13.3953
-17.0840,7.6057,-13.0557
-18.8790,7.6357,-11.4359
-20.0428,7.6368,-11.1753
-15.7835,7.6555,-13.5106
-19.6908,7.6784,-10.8879
-19.4643,7.6810,-11.0534
-17.9337,7.6897,-12.2685
-12.9555,7.6982,-12.8968
-12.5255,7.7022,-13.0646
-12.2492,7.7151,-13.1166
-17.0840,7.7190,-13.0327
-16.8970,7.7295,-13.1204
-18.3815,7.7303,-11.8085
-19.8045,7.7390,-11.5530
-18.1671,7.7762,-12.0628
-17.4000,7.7913,-12.8618
-12.6368,7.7956,-12.7159
-19.0808,7.7974,-11.2301
-14.3312,7.8016,-12.8668
-13.2494,7.8036,-12.6574
-20.1266,7.8206,-10.4760
-12.3461,7.8304,-12.8252
-13.8245,7.8422,-12.6574
-19.3575,7.8539,-11.0403
-17.5951,7.8558,-12.6356
-19.8192,7.8575,-10.7221
-15.9339,7.8755,-12.9428
-12.9244,7.8787,-12.3990
-10.1798,7.8812,-12.2956
-12.7041,7.8934,-12.3990
-17.3357,7.9049,-12.8555
-20.3847,7.9079,-10.2271
-15.1975,7.9260,-12.6859
-12.5177,7.9350,-12.3990
-20.0920,7.9496,-10.5158
-10.1848,7.9499,-11.7806
-17.9770,7.9503,-12.2948
-19.5915,7.9534,-10.8416
-10.1851,7.9542,-11.9526
-11.2375,7.9585,-12.2690
-17.0365,7.9644,-12.8794
-13.7135,7.9740,-12.2807
-13.2096,7.9891,-12.1562
-16.6362,7.9950,-12.7334
-10.1888,8.0053,-11.5621
-12.3835,8.0105,-12.2289
-17.8198,8.0386,-12.4062
-20.9318,8.0462,-10.1455
-14.0493,8.0581,-12.1127
-19.7294,8.0647,-10.6961
-14.9811,8.0735,-12.2368
-17.3357,8.0743,-12.6293
-10.1946,8.0868,-11.3352
-18.7013,8.0874,-11.6243
-18.9565,8.0935,-11.3432
-20.7963,8.1112,-9.9181
-15.5527,8.1116,-12.2368
-14.6625,8.1127,-12.0689
-16.5856,8.1332,-12.3550
-18.4868,8.1332,-11.8786
-20.1262,8.1343,-10.4212
-11.7085,8.1374,-11.8313
-10.1984,8.1387,-11.1929
-10.9798,8.1453,-11.4380
-12.6559,8.1468,-11.8960
-13.1276,8.1555,-11.8234
-20.6620,8.1594,-10.0201
-12.2235,8.1771,-11.7876
-17.6232,8.1773,-12.4062
-21.2450,8.1827,-10.0928
-15.9881,8.2007,-12.0684
-14.0521,8.2192,-11.6763
-10.6535,8.2212,-11.0597
-12.4489,8.2278,-11.7215
-11.4350,8.2310,-11.3865
-21.2617,8.2376,-9.7910
-19.5855,8.2389,-10.8562
-18.3426,8.2459,-11.9670
-11.0244,8.2521,-11.0398
-10.2068,8.2548,-10.8768
-14.6653,8.2738,-11.6324
-21.1500,8.2803,-9.6997
-20.3283,8.2851,-10.2165
-20.9978,8.2905,-9.7741
-13.2474,8.2930,-11.4813
-17.4622,8.2966,-12.0610
-16.9854,8.2985,-11.9759
-21.8209,8.3065,-9.1005
-20.6135,8.3250,-10.0311
-11.9500,8.3255,-11.0916
-12.5544,8.3296,-11.4234
-21.7552,8.3360,-9.2562
-12.2820,8.3420,-11.3342
-21.6463,8.3447,-9.2958
-21.5423,8.3488,-9.6167
-19.2005,8.3530,-11.2294
-21.5265,8.3772,-9.4656
-21.7351,8.3779,-9.4787
-11.7924,8.3821,-10.8026
-12.8812,8.3862,-11.2558
-12.3090,8.3873,-11.0161
-21.9157,8.3903,-9.0882
-13.4311,8.3912,-11.1132
-11.3220,8.3944,-10.6993
-16.1468,8.3948,-11.5687
-13.8181,8.3998,-11.1433
-21.8175,8.4058,-9.0409
-12.7412,8.4093,-11.0342
-12.4145,8.4113,-11.0787
-21.4022,8.4152,-9.5043
-21.9202,8.4205,-9.2275
-21.9206,8.4231,-9.2155
-10.2190,8.4243,-10.4197
-15.0086,8.4337,-11.2562
-20.3038,8.4419,-10.2390
-12.4294,8.4510,-10.7294
-21.7234,8.4589,-9.1755
-21.9267,8.4637,-9.4051
-16.7443,8.4691,-11.4763
-20.8399,8.4735,-9.8130
-13.0920,8.4820,-10.8015
-21.0900,8.4872,-9.6579
-12.2969,8.4930,-10.5892
-21.9323,8.5003,-9.0058
-15.7361,8.5048,-11.1929
-17.7114,8.5118,-11.5241
-12.0659,8.5178,-10.4860
-21.9370,8.5319,-9.6735
-18.2736,8.5401,-11.5415
-21.5916,8.5436,-9.3067
-12.8856,8.5477,-10.5593
-21.9418,8.5637,-9.8756
-10.2308,8.5866,-9.9806
-19.9053,8.6002,-10.6684
-21.5646,8.6009,-9.3147
-11.3432,8.6062,-10.1288
-21.4217,8.6284,-9.3763
-21.2887,8.6329,-9.4476
-14.6698,8.6380,-10.6398
-12.2969,8.6461,-10.1789
-20.1863,8.6462,-10.4087
-19.3328,8.6579,-11.1567
-14.0924,8.6587,-10.4831
-12.0659,8.6678,-10.0881
-16.9823,8.6707,-10.9724
-10.8973,8.6853,-9.8299
-17.4257,8.6893,-10.9981
-21.9610,8.6914,-9.0162
-21.6231,8.7046,-9.2174
-10.2393,8.7047,-9.6562
-16.0992,8.7236,-10.6621
-11.8136,8.7440,-9.8341
-13.0842,8.7462,-10.0506
-10.2430,8.7563,-9.5147
-20.5197,8.7648,-10.1376
-21.9732,8.7725,-8.9678
-10.2457,8.7932,-9.4154
-15.0922,8.7983,-10.2773
-12.6280,8.8027,-9.8104
-20.9557,8.8071,-9.7396
-15.7941,8.8127,-10.3628
-18.5033,8.8133,-10.8487
-19.7756,8.8163,-10.8098
-16.9823,8.8555,-10.4669
-19.0717,8.8571,-10.8261
-13.7098,8.8614,-9.8563
-17.5534,8.8651,-10.5449
-10.7982,8.8665,-9.3162
-10.2514,8.8721,-9.2020
-16.7480,8.8920,-10.3217
-21.9946,8.9144,-8.8754
-21.2643,8.9245,-9.4872
-11.8050,8.9279,-9.3280
-12.5076,8.9549,-9.3806
-18.0688,8.9609,-10.3781
-20.4022,8.9691,-10.3073
-10.2587,8.9732,-8.9284
-10.9453,8.9791,-9.0343
-17.3042,8.9877,-10.1663
-20.8103,9.0006,-9.9170
-16.1657,9.0135,-9.8866
-15.1428,9.0240,-9.6764
-11.3486,9.0298,-8.9680
-10.2637,9.0429,-8.7390
-12.0573,9.0482,-9.0449
-10.2671,9.0903,-8.6097
-13.9768,9.0994,-9.2512
-15.8019,9.1111,-9.5590
-19.8979,9.1239,-10.2499
-16.9891,9.1295,-9.7184
-12.7034,9.1316,-8.9342
-18.1753,9.1376,-9.9205
-19.4083,9.1424,-10.1145
-22.0296,9.1467,-8.8240
-16.7119,9.1618,-9.5826
-11.4156,9.1671,-8.6051
-20.3796,9.1740,-10.1854
-17.4849,9.1748,-9.6880
-14.7299,9.1811,-9.1692
-11.8719,9.1948,-8.6139
-12.3723,9.2203,-8.6329
-17.8406,9.2288,-9.6090
-10.2772,9.2298,-8.2239
-11.2557,9.2363,-8.3871
-13.4266,9.2395,-8.7666
-20.1154,9.2504,-9.9485
-21.4492,9.2631,-9.3970
-10.9978,9.2709,-8.2425
-17.3572,9.2864,-9.3562
-20.4897,9.2926,-9.9669
-18.7320,9.2953,-9.5884
-20.2962,9.3121,-9.8271
-12.0382,9.3163,-8.3091
-20.3344,9.3214,-9.8375
-11.5397,9.3321,-8.1767
-20.9475,9.3344,-9.8662
-16.0176,9.3347,-8.9871
-20.3219,9.3401,-9.7731
-20.3662,9.3409,-9.7531
-20.3889,9.3418,-9.8592
-20.1503,9.3446,-9.7051
-20.3822,9.3448,-9.7555
-20.3394,9.3453,-9.7804
-19.2752,9.3456,-9.5436
-20.7145,9.3520,-9.9327
-16.6157,9.3588,-9.0292
-15.0937,9.3665,-8.7258
-11.2818,9.3667,-8.0320
-20.1808,9.3728,-9.6518
-20.1775,9.3740,-9.6561
-12.3723,9.3826,-8.1835
-11.8658,9.3844,-8.0898
-18.3973,9.3865,-9.2768
-10.2887,9.3882,-7.7856
-20.4624,9.3932,-9.7232
-20.2512,9.3970,-9.6759
-20.2301,9.3977,-9.5748
-20.2527,9.3985,-9.6809
-13.4442,9.4244,-8.2622
-15.7222,9.4330,-8.6610
-17.5051,9.4440,-8.9534
-21.1296,9.4522,-9.6744
-11.4649,9.4625,-7.8004
-10.2941,9.4640,-7.5743
-20.8966,9.4697,-9.7409
-12.7209,9.4789,-7.9804
-20.4277,9.4822,-9.3838
-16.8929,9.4892,-8.7210
-15.0007,9.4971,-8.3401
-11.1421,9.5000,-7.6358
-20.7749,9.5063,-9.5397
-12.0511,9.5068,-7.7859
-21.3631,9.5182,-9.4996
-14.0019,9.5186,-8.0977
-18.4640,9.5245,-8.9097
-22.0888,9.5400,-8.8885
-14.6444,9.5459,-8.1345
-11.9081,9.5503,-7.6411
-21.0100,9.5515,-9.5376
-17.3243,9.5523,-8.6278
-19.6376,9.5544,-9.0400
-17.9274,9.5577,-8.7219
-20.9021,9.5666,-9.3246
-15.8078,9.5807,-8.2659
-12.7206,9.5852,-7.6856
-20.4703,9.5931,-9.1001
-12.3720,9.6049,-7.5709
-15.4472,9.6120,-8.1060
-11.7722,9.6136,-7.4365
-21.3882,9.6284,-9.3608
-16.7533,9.6319,-8.3021
-13.9193,9.6464,-7.7215
-21.0255,9.6549,-9.0752
-18.9097,9.6568,-8.6285
-13.3613,9.6586,-7.5913
-20.0370,9.6601,-8.8449
-10.6319,9.6643,-7.0805
-20.8473,9.6645,-8.9632
-20.3117,9.6667,-8.8829
-21.1229,9.6680,-9.1529
-11.5658,9.6695,-7.2440
-19.3652,9.6695,-8.6766
-12.6384,9.6710,-7.4337
-10.6076,9.6773,-7.0396
-21.1490,9.6928,-8.9548
-21.1552,9.6930,-8.9532
-14.8454,9.6933,-7.7583
-13.0777,9.6991,-7.4337
-21.1050,9.7022,-8.9849
-21.2554,9.7040,-9.0675
-21.6202,9.7050,-9.1926
-12.0724,9.7108,-7.2207
-14.4167,9.7131,-7.6151
-15.9717,9.7134,-7.9300
-21.2099,9.7185,-8.9715
-21.2008,9.7203,-8.9366
-21.2252,9.7265,-8.8802
-14.6353,9.7273,-7.6151
-21.1630,9.7299,-8.9650
-21.1540,9.7316,-8.9301
-16.3447,9.7325,-7.9484
-12.5621,9.7344,-7.2430
-21.1749,9.7356,-8.9120
-21.1811,9.7359,-8.9103
-14.7134,9.7377,-7.6067
-21.4254,9.7431,-8.9819
-15.6111,9.7447,-7.7701
-12.2836,9.7498,-7.1514
-13.7981,9.7533,-7.4000
-21.0155,9.7556,-8.7533
-20.8401,9.7632,-8.6779
-21.3980,9.7635,-8.8312
-14.5027,9.7644,-7.4848
-13.4772,9.7666,-7.3102
-11.8660,9.7668,-7.0282
-17.0839,9.7674,-7.9906
-18.0595,9.7717,-8.1612
-14.1303,9.7717,-7.4000
-21.6276,9.7730,-9.0134
-17.6371,9.7753,-8.0757
-15.3656,9.7773,-7.6281
-14.7212,9.7786,-7.4848
-21.0615,9.7835,-8.7309
-14.7344,9.7836,-7.4765
-14.7541,9.7851,-7.4765
-14.7541,9.7851,-7.4765
-14.7541,9.7851,-7.4765
-14.7661,9.7861,-7.4765
-21.0792,9.7889,-8.6819
-14.8311,9.7915,-7.4765
-18.7497,9.7956,-8.2284
-22.1303,9.8159,-8.9210
-20.6481,9.8175,-8.5286
-19.5755,9.8218,-8.3120
-11.0805,9.8243,-6.7195
-15.0366,9.8256,-7.4244
-14.4258,9.8271,-7.3010
-20.2766,9.8292,-8.4283
-22.1328,9.8329,-8.8763
-18.5828,9.8336,-8.1009
-12.9330,9.8392,-7.0124
-21.4504,9.8419,-8.6345
-18.6441,9.8424,-8.0949
-13.4088,9.8433,-7.0796
-11.4897,9.8490,-6.7208
-21.1847,9.8561,-8.4901
-18.7869,9.8611,-8.0599
-18.6620,9.8648,-8.0413
-18.8500,9.8677,-8.0580
-16.6752,9.8679,-7.6369
-18.3729,9.8706,-7.9507
-11.9039,9.8744,-6.7222
-20.0874,9.8757,-8.2589
-20.6338,9.8795,-8.3483
-12.0979,9.8893,-6.7230
-18.7203,9.8959,-7.9488
-17.4893,9.8963,-7.7116
-12.2795,9.9027,-6.7237
-22.1442,9.9087,-8.6952
-18.7462,9.9135,-7.9259
-18.8613,9.9168,-7.9096
-19.4447,9.9185,-8.0328
-12.5419,9.9192,-6.7246
-18.7364,9.9195,-7.8938
-18.7010,9.9294,-7.8742
-15.4189,9.9305,-7.2102
-21.6938,9.9308,-8.4369
-12.9731,9.9444,-6.7259
-20.8113,9.9553,-8.2178
-19.1471,9.9618,-7.8455
-18.7575,9.9626,-7.7775
-18.4911,9.9653,-7.7267
-13.3497,9.9663,-6.7271
-18.8206,9.9692,-7.7757
-21.2117,9.9715,-8.2077
-16.5039,9.9825,-7.2877
-13.6870,9.9881,-6.7283
-22.1563,9.9885,-8.4915
-20.2000,9.9898,-8.0071
-21.0456,10.0065,-8.1421
-21.7138,10.0089,-8.2615
-20.7382,10.0114,-8.1320
-19.7106,10.0116,-7.8328
-15.9754,10.0205,-7.0734
-14.1951,10.0215,-6.7301
-20.4673,10.0245,-8.0227
-18.6269,10.0286,-7.5732
-19.9539,10.0290,-7.8602
-21.6431,10.0322,-8.2000
-21.4951,10.0378,-8.0930
-14.5276,10.0436,-6.7313
-18.0675,10.0470,-7.4001
-22.1655,10.0497,-8.3187
-20.6397,10.0504,-7.9475
-14.7298,10.0570,-6.7320
-20.7204,10.0584,-7.9079
-21.8050,10.0595,-8.1436
-20.6278,10.0668,-7.9329
-20.7080,10.0672,-7.9537
-20.8647,10.0719,-7.9346
-20.7029,10.0741,-7.9679
-20.6734,10.0752,-7.8145
-20.9515,10.0753,-8.0037
-19.7067,10.0755,-7.6455
-20.9096,10.0769,-7.8637
-20.7092,10.0783,-7.8458
-20.6233,10.0812,-7.8867
-21.8590,10.0828,-7.9873
-19.4113,10.0828,-7.5660
-15.1906,10.0875,-6.7336
-21.1623,10.0887,-7.9516
-20.4376,10.0909,-7.8978
-22.1718,10.0920,-8.1160
-20.1680,10.0923,-7.7745
-16.9926,10.0951,-7.0714
-20.6047,10.0977,-7.9375
-20.7367,10.0989,-7.8348
-20.6923,10.1015,-7.8454
-20.5694,10.1023,-7.8458
-20.9310,10.1105,-7.7763
-20.6077,10.1126,-7.7589
-15.5873,10.1137,-6.7350
-20.1714,10.1209,-7.6576
-21.5792,10.1353,-7.9251
-22.1787,10.1378,-7.9669
-19.5364,10.1414,-7.4429
-19.9311,10.1476,-7.5561
-16.0691,10.1486,-6.7369
-18.7376,10.1496,-7.2420
-21.4124,10.1512,-7.8494
-21.7812,10.1529,-7.8759
-20.0342,10.1546,-7.5561
-22.1819,10.1590,-7.9317
-21.0180,10.1683,-7.6444
-19.9290,10.1700,-7.4429
-20.3583,10.1770,-7.5780
-16.5028,10.1803,-6.7386
-19.4093,10.1867,-7.2849
-20.7250,10.1878,-7.6478
-22.1881,10.2001,-7.8776
-21.4631,10.2011,-7.6987
-16.8364,10.2025,-6.7398
-20.1152,10.2055,-7.3738
-21.1994,10.2171,-7.6145
-21.3289,10.2177,-7.6145
-20.6085,10.2206,-7.5780
-20.2906,10.2207,-7.3786
-20.9103,10.2220,-7.5463
-17.1802,10.2259,-6.7411
-20.4237,10.2295,-7.4477
-21.6090,10.2307,-7.6501
-17.3131,10.2351,-6.7416
-22.1953,10.2479,-7.7122
-21.2178,10.2523,-7.4731
-21.2711,10.2544,-7.5164
-22.1972,10.2602,-7.6732
-17.6835,10.2608,-6.7430
-21.6898,10.2632,-7.6501
-21.6019,10.2695,-7.5261
-20.0827,10.2696,-7.2671
-21.3960,10.2710,-7.4731
-19.7080,10.2724,-7.1197
-20.2582,10.2848,-7.2719
-21.2276,10.2856,-7.3930
-21.0701,10.2857,-7.4433
-18.1052,10.2897,-6.7445
-21.6324,10.2991,-7.4731
-20.0458,10.3056,-7.1711
-20.4956,10.3071,-7.3162
-22.2053,10.3141,-7.4918
-22.2053,10.3146,-7.5007
-18.4949,10.3152,-6.7459
-20.8344,10.3183,-7.3939
-22.2061,10.3195,-7.4829
-22.2088,10.3376,-7.4234
-20.3872,10.3413,-7.2095
-18.9160,10.3441,-6.7474
-21.7776,10.3468,-7.4249
-20.6889,10.3556,-7.2623
-20.2431,10.3567,-7.1201
-21.4429,10.3614,-7.3011
-21.0830,10.3631,-7.3137
-21.6721,10.3660,-7.3330
-22.2146,10.3760,-7.4104
-20.3075,10.3788,-7.0533
-19.3993,10.3816,-6.7495
-20.7328,10.3879,-7.0870
-20.2371,10.3895,-6.9547
-21.4567,10.3962,-7.2035
-22.0448,10.4078,-7.3837
-19.7953,10.4117,-6.7511
-20.6309,10.4130,-7.0068
-22.2220,10.4254,-7.2647
-20.8024,10.4258,-7.0087
-21.9392,10.4270,-7.2918
-20.0757,10.4321,-6.7522
-20.5430,10.4371,-7.0087
-20.4726,10.4479,-6.9101
-21.4830,10.4488,-7.0715
-20.3268,10.4508,-6.7532
-21.6648,10.4566,-7.0493
-21.9181,10.4829,-7.1057
-22.2308,10.4836,-7.1678
-20.5769,10.4877,-6.7552
-21.6912,10.5092,-6.9173
-20.7873,10.5356,-6.7577
-20.9088,10.5542,-6.7587
-21.1351,10.5664,-6.7594
-21.3516,10.5790,-6.7601
-22.2212,10.5924,-6.8622
-21.5173,10.5929,-6.7608
-21.9322,10.6049,-6.7615
-22.1012,10.6089,-6.7617
-21.6953,10.6106,-6.7618
-21.8212,10.6160,-6.7621
-22.2377,10.6230,-6.7784
