物体1:4020
-6.1675,-3.8032,20.5597
-6.2767,-3.7057,20.4002
-6.4917,-3.6682,20.1870
-6.1204,-3.5436,20.5858
-6.2296,-3.4461,20.4263
-6.7136,-3.4139,19.9627
-6.9917,-3.3525,19.6919
-7.8434,-3.2266,18.4392
-7.5305,-3.2243,19.1373
-7.6360,-3.2239,18.8120
-6.5952,-3.2204,20.0086
-6.3262,-3.2150,20.2590
-7.2505,-3.2112,19.4387
-7.9754,-3.1547,18.3141
-7.7478,-3.1376,18.5707
-7.6308,-3.1124,18.9159
-8.1606,-3.1111,18.2709
-8.1003,-3.1098,18.2895
-8.0092,-3.0998,18.3012
-7.1331,-3.0955,19.5149
-8.1353,-3.0938,18.3116
-7.4026,-3.0896,19.2788
-6.0994,-3.0779,20.4295
-8.1799,-3.0488,18.2886
-8.4613,-3.0426,18.0153
-8.0394,-3.0395,18.3172
-8.0141,-3.0222,18.3579
-8.0635,-3.0215,18.3411
-8.1093,-3.0155,18.3530
-6.6933,-2.9747,19.9295
-7.7615,-2.9209,18.4649
-6.3476,-2.9175,20.1414
-6.9532,-2.9112,19.7067
-7.8609,-2.8934,18.3551
-7.6738,-2.8805,18.6770
-6.0207,-2.8563,20.4019
-9.0372,-2.8309,17.1169
-6.5270,-2.7857,20.0046
-8.3788,-2.7498,17.9830
-8.1324,-2.7400,18.2785
-8.0256,-2.7272,18.2569
-9.0069,-2.6917,17.2024
-6.2301,-2.6829,20.1525
-9.4683,-2.6505,16.4839
-7.8771,-2.6426,18.2603
-9.1061,-2.6417,16.9461
-7.6474,-2.6055,18.5574
-6.8300,-2.5826,19.7904
-5.8748,-2.5636,20.4010
-9.6978,-2.5456,16.2072
-7.3286,-2.5324,19.1789
-9.0878,-2.5282,16.7688
-9.4120,-2.5202,16.3582
-6.5733,-2.5089,19.9519
-8.0643,-2.5059,18.1784
-8.8148,-2.5033,17.3526
-9.2435,-2.4790,16.4365
-8.5295,-2.4578,17.6814
-9.9311,-2.4352,15.8975
-9.6415,-2.4154,16.0815
-7.7514,-2.3951,18.2506
-6.3176,-2.3631,19.9369
-9.7889,-2.3450,15.8729
-7.5928,-2.3348,18.6512
-6.4815,-2.3210,19.8731
-10.3848,-2.2843,14.8059
-10.4684,-2.2590,14.7109
-10.6375,-2.2589,14.5409
-10.4329,-2.2377,14.7098
-7.0100,-2.2357,19.4385
-10.2073,-2.2267,15.0196
-7.9916,-2.2215,18.0067
-10.0496,-2.2046,15.4718
-10.1837,-2.2018,15.2023
-8.9312,-2.1757,16.8040
-9.6590,-2.1667,15.8146
-10.6449,-2.1664,14.5397
-7.4448,-2.1646,18.8922
-8.2809,-2.1512,17.8504
-9.1775,-2.1437,16.3144
-6.0250,-2.1420,20.1229
-9.7805,-2.1304,15.5828
-7.6833,-2.1220,18.1816
-6.4657,-2.1176,19.8064
-8.0528,-2.1146,17.9742
-10.2410,-2.1048,14.9470
-8.7574,-2.1007,17.1316
-10.0120,-2.0895,15.1920
-7.7822,-2.0791,18.0317
-8.3052,-2.0470,17.5591
-8.2522,-2.0415,17.7281
-6.2669,-2.0368,19.8524
-9.4076,-2.0362,15.9433
-10.6558,-2.0321,14.7207
-6.4581,-2.0287,19.7803
-8.0241,-2.0049,17.8519
-6.4643,-2.0005,19.7777
-6.4031,-1.9954,19.7183
-9.7193,-1.9904,15.4857
-9.2420,-1.9842,16.1563
-8.8956,-1.9797,16.5965
-7.5436,-1.9566,18.3727
-7.8098,-1.9440,17.9127
-10.1709,-1.9428,15.1540
-6.4194,-1.9398,19.7131
-6.4024,-1.9282,19.6919
-6.4156,-1.9217,19.6889
-10.6657,-1.9096,14.9582
-6.3648,-1.9092,19.7136
-6.4840,-1.9081,19.7593
-6.4227,-1.9030,19.6999
-5.9440,-1.8753,20.1041
-10.6692,-1.8662,15.2526
-9.3274,-1.8661,15.9459
-9.5176,-1.8566,15.7200
-6.1557,-1.8536,19.8907
-6.4250,-1.8443,19.6840
-8.5494,-1.8381,17.0981
-10.6721,-1.8302,15.5106
-6.3704,-1.8138,19.6846
-6.7843,-1.8077,19.5302
-7.3957,-1.8024,18.4302
-6.3807,-1.7987,19.6711
-6.5245,-1.7853,19.7589
-9.0567,-1.7781,16.2614
-9.9781,-1.7776,15.5563
-8.0673,-1.7668,17.5591
-9.1678,-1.7548,16.1391
-7.2928,-1.7482,18.7152
-9.6179,-1.7261,15.8864
-6.3871,-1.7128,19.6557
-9.8558,-1.7099,15.8092
-8.6795,-1.7089,16.7197
-8.2561,-1.6853,17.3191
-7.1198,-1.6806,18.7596
-8.7761,-1.6668,16.5427
-7.6785,-1.6544,17.9241
-9.3255,-1.6316,16.1999
-6.8644,-1.6013,19.0719
-6.4008,-1.5861,19.5508
-6.2776,-1.5843,19.6335
-6.7423,-1.5806,19.3368
-8.6398,-1.5624,16.6772
-6.4825,-1.5582,19.5655
-7.2794,-1.5353,18.2925
-9.2748,-1.5293,16.3529
-8.8727,-1.5033,16.5340
-7.8126,-1.4841,17.6942
-7.1198,-1.4641,18.5024
-5.9744,-1.4599,19.8953
-8.2499,-1.4516,17.0752
-8.8107,-1.4081,16.6903
-8.3663,-1.3638,17.0379
-7.3949,-1.3571,18.0963
-8.9343,-1.3449,16.6344
-6.3264,-1.3139,19.4218
-8.9187,-1.3117,17.3692
-6.6057,-1.2997,19.0890
-6.0418,-1.2607,19.7597
-8.5963,-1.2286,16.9820
-8.2250,-1.2263,17.2817
-8.7555,-1.2249,17.3692
-7.7551,-1.1935,17.7254
-7.9461,-1.1827,17.5902
-6.8611,-1.1550,18.7033
-6.1908,-1.1173,19.5246
-7.5181,-1.0992,17.9802
-5.8869,-1.0934,19.8161
-5.7646,-1.0889,19.9318
-8.0370,-1.0787,17.5902
-7.4027,-1.0018,18.2319
-7.9822,-0.9861,17.7118
-7.5378,-0.9533,18.2369
-7.7894,-0.9473,17.9717
-6.0144,-0.9428,19.6414
-6.9648,-0.9189,18.6081
-7.7478,-0.8486,18.1862
-5.9349,-0.8204,19.6422
-7.3116,-0.8164,18.6056
-6.8040,-0.8022,18.9099
-6.1634,-0.7994,19.4063
-7.8837,-0.7754,18.1224
-7.4962,-0.7736,18.5470
-7.0627,-0.7704,18.8488
-6.4322,-0.6739,19.3152
-6.1825,-0.6651,19.4637
-6.7746,-0.6303,19.1719
-5.9707,-0.5759,19.6788
-6.9354,-0.5650,19.2304
-6.4028,-0.5609,19.5046
-6.0305,-0.4597,19.8694
-6.5847,-0.4401,19.6579
-6.2129,-0.4358,19.8436
-10.4344,4.8319,12.1812
-11.2107,4.8346,11.2405
-11.2171,4.9139,11.1286
-10.8120,4.9395,11.8108
-10.3985,5.0689,12.0938
-10.7760,5.1765,11.7234
-10.9997,5.1866,11.3593
-10.7552,5.3240,11.5953
-10.9372,5.3354,11.4420
-11.2536,5.3653,10.8754
-10.8764,5.3915,11.5569
-11.0155,5.4046,11.1633
-10.6015,5.4293,11.6670
-10.8580,5.4694,11.3350
-10.2953,5.6636,11.9286
-11.2807,5.7003,10.6914
-11.2842,5.7431,10.6698
-11.2884,5.7951,10.6417
-11.2908,5.8258,10.6124
-11.2938,5.8626,10.5861
5.5477,5.8968,7.6193
5.6479,5.9044,7.5235
5.5789,5.9251,7.6828
5.4670,5.9377,7.6159
5.6794,5.9378,7.5928
5.5110,5.9655,7.5680
5.7106,5.9661,7.6563
5.5691,5.9820,7.5666
5.6329,5.9869,7.5710
5.5982,5.9874,7.5694
5.6173,5.9880,7.5703
5.5614,5.9900,7.5648
5.4008,5.9915,7.6839
5.5636,5.9916,7.5658
5.6766,5.9953,7.5894
5.5151,5.9954,7.5874
5.5119,6.0065,7.5876
5.5509,6.0082,7.5846
5.5320,6.0088,7.5881
5.6149,6.0171,7.5655
5.6176,6.0175,7.5660
5.6562,6.0175,7.5913
5.6434,6.0196,7.5922
5.6552,6.0202,7.5946
5.6434,6.0229,7.6078
5.6774,6.0259,7.6135
5.7183,6.0272,7.6745
5.6644,6.0273,7.6134
5.6188,6.0285,7.5904
5.6280,6.0288,7.5923
5.6290,6.0294,7.6046
5.6308,6.0298,7.5938
5.7218,6.0308,7.6278
5.7427,6.0310,7.6754
5.4987,6.0420,7.6022
5.6854,6.0428,7.6554
5.6472,6.0463,7.6003
-11.1224,6.0506,7.1868
5.6208,6.0515,7.5938
5.6427,6.0518,7.5911
5.5998,6.0519,7.7993
5.7529,6.0527,7.6791
5.5323,6.0533,7.5983
5.6529,6.0540,7.6105
5.7773,6.0565,7.6800
5.6136,6.0566,7.5841
5.5470,6.0651,7.5979
5.7667,6.0678,7.5887
5.4485,6.0681,7.6513
5.7489,6.0750,7.6425
5.6448,6.0755,7.5955
5.7112,6.0758,7.5998
5.5023,6.0774,7.8038
5.7755,6.0794,7.7313
5.7629,6.0823,7.6174
-11.2681,6.0899,7.3547
5.8138,6.0904,7.7071
5.5759,6.1011,7.5969
5.8191,6.1052,7.6218
5.6907,6.1097,7.5532
6.1783,6.1130,7.5821
-10.5223,6.1212,11.4412
5.9694,6.1232,7.4993
5.9723,6.1240,7.4898
5.7595,6.1264,7.8049
5.9008,6.1280,7.4531
6.0166,6.1288,7.4930
6.0116,6.1296,7.5237
6.0079,6.1298,7.5392
6.0129,6.1302,7.5266
6.0695,6.1304,7.6936
6.0164,6.1313,7.5064
6.0140,6.1313,7.5267
6.0158,6.1316,7.5096
6.0842,6.1328,7.6559
6.0907,6.1331,7.6317
6.0872,6.1345,7.6472
6.0919,6.1348,7.6459
5.6951,6.1383,7.5265
5.8558,6.1398,7.6263
5.8836,6.1415,7.4898
5.8732,6.1418,7.5392
5.8693,6.1425,7.5671
5.8674,6.1426,7.5900
5.8784,6.1434,7.5252
5.8788,6.1435,7.5204
5.8792,6.1443,7.5234
5.8704,6.1443,7.5813
5.8799,6.1446,7.5203
-11.3168,6.1467,7.5340
5.9077,6.1476,7.6268
5.9046,6.1479,7.6282
-10.9001,6.1484,7.1907
5.9164,6.1486,7.5649
5.9277,6.1489,7.5063
5.9167,6.1492,7.5647
5.9183,6.1493,7.6154
5.9203,6.1496,7.5480
5.9135,6.1496,7.6396
5.9164,6.1497,7.5617
5.9134,6.1497,7.6397
5.9214,6.1500,7.5492
5.9172,6.1502,7.5619
5.9221,6.1503,7.5461
5.9194,6.1511,7.6296
5.9117,6.1511,7.6323
5.9234,6.1516,7.5478
5.9269,6.1516,7.5228
5.9270,6.1517,7.5227
5.9252,6.1519,7.5307
5.9252,6.1519,7.5306
5.9240,6.1519,7.5368
5.9243,6.1521,7.5387
5.9254,6.1521,7.5341
5.9242,6.1522,7.5402
6.0129,6.1573,7.7915
5.6156,6.1613,7.6013
5.4247,6.1615,7.6631
6.3704,6.1632,7.5438
5.7290,6.1676,7.4531
5.6654,6.1710,7.5685
5.6508,6.1739,7.4531
5.7643,6.1776,7.5186
5.7518,6.1785,7.5285
5.6373,6.1823,7.5829
-10.7569,6.1872,7.7352
5.6714,6.1874,7.5929
5.7227,6.1886,7.5285
5.5105,6.1905,7.5427
5.5668,6.1941,7.4923
5.4973,6.2005,7.4531
5.7897,6.2011,7.5543
5.4894,6.2012,7.8702
6.2789,6.2023,8.0793
5.7926,6.2047,7.5601
5.6922,6.2080,7.5740
5.3640,6.2087,7.7621
5.6952,6.2095,7.5758
5.7607,6.2114,7.5548
6.0319,6.2141,7.9441
5.4025,6.2156,7.5778
6.3332,6.2185,7.4453
6.5199,6.2287,8.0637
5.7066,6.2288,7.6035
5.7082,6.2297,7.6045
5.7096,6.2303,7.6053
-10.6494,6.2317,7.6277
5.7137,6.2324,7.6078
5.7183,6.2348,7.6106
5.7190,6.2352,7.6111
6.5119,6.2395,7.6442
5.7281,6.2395,7.6161
5.7283,6.2396,7.6161
5.7902,6.2397,7.5982
5.7903,6.2400,7.5987
5.7307,6.2408,7.6176
5.7318,6.2411,7.6179
5.7374,6.2435,7.6206
5.7392,6.2443,7.6216
5.7420,6.2455,7.6230
5.7950,6.2465,7.6093
5.7949,6.2465,7.6095
5.7452,6.2466,7.6242
5.7960,6.2477,7.6114
5.7504,6.2486,7.6264
5.7513,6.2490,7.6269
5.7968,6.2496,7.6148
5.7977,6.2508,7.6168
5.7578,6.2512,7.6292
5.7993,6.2525,7.6196
5.7992,6.2525,7.6196
5.7633,6.2528,7.6308
5.7667,6.2539,7.6319
5.7993,6.2542,7.6230
5.7662,6.2543,7.6327
5.7695,6.2553,7.6338
5.7988,6.2556,7.6259
5.7986,6.2560,7.6266
5.8015,6.2565,7.6267
5.8018,6.2568,7.6271
5.8021,6.2568,7.6271
5.7751,6.2569,7.6354
5.8021,6.2571,7.6276
5.8023,6.2574,7.6283
5.7998,6.2575,7.6292
5.8026,6.2578,7.6289
5.7793,6.2579,7.6360
5.8026,6.2580,7.6293
5.8021,6.2584,7.6302
5.8024,6.2585,7.6304
5.7813,6.2589,7.6374
-11.3259,6.2591,7.8014
5.8009,6.2592,7.6323
5.7882,6.2595,7.6365
5.8029,6.2595,7.6322
5.8010,6.2597,7.6333
5.8026,6.2600,7.6332
5.7857,6.2603,7.6389
5.7904,6.2603,7.6375
5.8033,6.2606,7.6342
5.7907,6.2620,7.6407
5.7954,6.2620,7.6394
5.8035,6.2620,7.6370
5.3418,6.2628,7.6768
5.8027,6.2629,7.6390
5.8008,6.2630,7.6398
5.7984,6.2631,7.6407
-10.5609,6.2632,8.0067
5.7937,6.2637,7.6433
5.8046,6.2638,7.6403
5.8024,6.2643,7.6420
5.7956,6.2644,7.6441
5.8054,6.2649,7.6423
5.8033,6.2651,7.6432
5.7964,6.2653,7.6457
5.7997,6.2655,7.6451
5.8054,6.2656,7.6435
5.8051,6.2672,7.6468
5.8069,6.2672,7.6464
5.8071,6.2672,7.6463
5.8058,6.2675,7.6473
5.8034,6.2676,7.6482
5.8047,6.2679,7.6484
5.8078,6.2681,7.6478
5.8076,6.2681,7.6480
5.8080,6.2682,7.6480
5.8057,6.2682,7.6488
5.8080,6.2683,7.6481
5.8081,6.2688,7.6492
5.8089,6.2692,7.6498
5.8052,6.2693,7.6510
5.8075,6.2700,7.6517
5.8070,6.2700,7.6520
5.8102,6.2705,7.6519
5.8102,6.2707,7.6523
5.8082,6.2708,7.6531
5.8102,6.2711,7.6531
6.5692,6.2713,7.8699
5.8117,6.2718,7.6541
5.8110,6.2718,7.6543
5.8115,6.2718,7.6543
5.8110,6.2721,7.6548
5.8124,6.2731,7.6564
5.8136,6.2733,7.6565
5.8131,6.2733,7.6567
5.8138,6.2734,7.6568
5.8134,6.2736,7.6572
5.8139,6.2740,7.6579
5.8139,6.2740,7.6580
5.8145,6.2741,7.6579
5.8152,6.2745,7.6585
5.8152,6.2746,7.6588
5.8156,6.2749,7.6591
5.8157,6.2749,7.6591
5.8157,6.2751,7.6594
5.8158,6.2751,7.6595
5.8161,6.2752,7.6597
6.0701,6.2782,8.5609
6.0405,6.2793,8.3800
5.3957,6.2867,7.3752
-10.6419,6.2909,7.1963
5.7840,6.2921,7.1963
6.0256,6.2939,7.1964
5.2366,6.3043,7.7838
5.4255,6.3099,8.1063
6.1159,6.3102,7.1970
-10.5180,6.3118,7.4218
5.6171,6.3174,8.1983
-10.4508,6.3325,7.7266
6.3959,6.3360,7.4453
-10.7704,6.3362,8.1848
6.1289,6.3392,7.1982
5.5361,6.3406,7.1982
5.7448,6.3419,8.6823
5.7152,6.3430,8.5015
-10.2765,6.3484,8.0745
5.1949,6.3589,8.1052
6.3391,6.3638,8.5465
5.5388,6.3694,8.4549
-10.4964,6.3706,7.1994
5.1516,6.3857,7.6344
6.5505,6.3913,8.3500
-10.3306,6.3928,7.7266
6.4981,6.3981,7.6431
-10.3706,6.3993,7.5754
6.1698,6.4001,7.2006
-10.2088,6.4028,7.8030
6.2404,6.4037,7.3352
-8.9965,6.4039,13.2762
6.3112,6.4091,7.4125
5.4739,6.4154,7.2012
-10.0772,6.4157,8.3146
-11.3386,6.4173,8.1462
-9.0619,6.4189,13.1903
-10.0997,6.4214,8.5500
5.1943,6.4222,7.4456
-11.3395,6.4281,10.2720
5.8155,6.4303,8.7574
6.6395,6.4406,7.9085
-10.4199,6.4593,8.6110
6.2324,6.4625,7.2030
5.4900,6.4695,7.2033
-10.2972,6.4741,7.3478
5.6812,6.4744,7.2035
5.6812,6.4745,7.2035
5.6812,6.4745,7.2035
5.6820,6.4750,7.2035
5.6822,6.4751,7.2035
5.6829,6.4756,7.2035
5.0910,6.4765,8.2226
-8.9801,6.4775,13.2116
5.6321,6.4789,7.2037
5.6321,6.4789,7.2037
5.6321,6.4789,7.2037
5.6320,6.4790,7.2037
5.6320,6.4790,7.2037
5.6319,6.4790,7.2037
-10.7437,6.4793,8.5296
-10.3828,6.4834,7.2038
5.6565,6.4853,7.2142
5.7036,6.4853,7.2195
5.6567,6.4853,7.2143
5.7045,6.4857,7.2202
5.7060,6.4864,7.2212
5.6664,6.4878,7.2185
5.6670,6.4879,7.2187
5.6700,6.4887,7.2200
5.7116,6.4892,7.2253
-11.3445,6.4892,8.3109
5.7119,6.4893,7.2254
5.7125,6.4896,7.2260
5.6747,6.4898,7.2220
5.6750,6.4899,7.2221
5.6753,6.4900,7.2222
5.6770,6.4904,7.2229
5.0553,6.4906,7.6811
5.5049,6.4906,7.2041
5.4976,6.4910,7.2041
5.6833,6.4920,7.2256
5.6912,6.4939,7.2289
5.6931,6.4944,7.2297
5.6974,6.4955,7.2316
5.7248,6.4955,7.2347
5.7258,6.4961,7.2355
5.7261,6.4962,7.2356
5.7035,6.4969,7.2340
5.7033,6.4970,7.2341
5.7063,6.4977,7.2353
5.7302,6.4985,7.2390
5.7313,6.4991,7.2398
6.1592,6.4992,8.6955
5.7325,6.4993,7.2402
5.7171,6.5001,7.2395
5.7200,6.5008,7.2407
5.4784,6.5017,7.2045
5.7232,6.5022,7.2427
5.7359,6.5028,7.2449
5.7281,6.5032,7.2445
5.7405,6.5037,7.2466
5.7385,6.5042,7.2469
5.7327,6.5042,7.2463
5.7407,6.5052,7.2485
5.7370,6.5058,7.2487
5.7416,6.5064,7.2499
5.7487,6.5064,7.2508
5.7489,6.5076,7.2522
5.7513,6.5078,7.2528
-9.8383,6.5105,8.8373
6.3692,6.5106,7.5857
5.7571,6.5115,7.2580
5.7579,6.5122,7.2589
5.7651,6.5132,7.2610
5.7647,6.5135,7.2612
5.7688,6.5145,7.2629
5.7680,6.5151,7.2635
6.4745,6.5154,7.7586
5.7674,6.5154,7.2639
5.7758,6.5181,7.2682
5.2301,6.5190,7.3622
5.7813,6.5195,7.2705
5.7881,6.5219,7.2742
5.7893,6.5228,7.2754
5.2800,6.5239,8.5531
5.7956,6.5249,7.2787
5.7960,6.5252,7.2791
-9.9689,6.5253,11.9296
6.5585,6.5261,7.7983
-10.4072,6.5291,8.8942
5.8099,6.5300,7.2865
6.2739,6.5306,7.4907
5.8125,6.5309,7.2879
5.4124,6.5332,7.2058
5.8200,6.5336,7.2920
-8.9873,6.5351,13.3894
5.7074,6.5356,8.7695
5.8311,6.5377,7.2983
5.8321,6.5380,7.2988
-10.0091,6.5410,7.7522
5.8412,6.5413,7.3038
5.8488,6.5440,7.3079
5.8494,6.5442,7.3083
5.8549,6.5461,7.3112
5.8552,6.5462,7.3114
5.8606,6.5482,7.3144
6.2738,6.5488,7.5196
-9.0527,6.5502,13.3035
5.8771,6.5539,7.3233
5.8775,6.5541,7.3236
5.8775,6.5542,7.3236
-9.7649,6.5543,8.3385
5.8824,6.5558,7.3262
5.8849,6.5568,7.3277
5.3297,6.5594,7.2068
5.8931,6.5597,7.3322
5.8936,6.5599,7.3325
5.8960,6.5606,7.3336
4.9994,6.5606,7.7495
6.0599,6.5610,7.3898
5.9003,6.5619,7.3358
5.8997,6.5620,7.3357
5.9010,6.5622,7.3362
5.9020,6.5625,7.3368
5.9026,6.5629,7.3372
5.9147,6.5670,7.3437
5.9196,6.5686,7.3463
5.9297,6.5719,7.3516
6.2223,6.5719,7.3743
-9.6078,6.5724,8.8808
5.9352,6.5737,7.3545
6.2540,6.5747,7.2074
5.9409,6.5756,7.3575
5.9522,6.5794,7.3635
6.1208,6.5817,7.4117
6.1242,6.5832,7.4399
-10.1258,6.5905,7.4495
-11.0026,6.6001,10.6329
6.0176,6.6015,7.3879
6.0185,6.6019,7.3884
6.6855,6.6039,8.0163
5.0071,6.6046,8.0999
-10.2626,6.6048,7.2086
-10.1913,6.6066,9.1470
5.1437,6.6078,7.4401
5.1297,6.6108,8.4042
5.1944,6.6112,7.3507
5.0203,6.6143,7.5916
-9.5569,6.6219,8.6173
5.7756,6.6252,8.7926
-9.7645,6.6252,8.0476
-9.9426,6.6258,9.1512
-8.9298,6.6272,13.4608
6.0931,6.6274,7.4440
-11.3558,6.6302,8.5605
-9.4200,6.6323,9.1037
5.2266,6.6357,7.2098
5.7777,6.6362,8.7979
4.9700,6.6385,7.9016
5.7784,6.6404,8.7989
-10.0014,6.6409,7.5769
5.6978,6.6470,8.7882
5.6983,6.6494,8.7892
5.6995,6.6498,8.7901
5.5355,6.6502,8.7450
6.2042,6.6506,7.4229
5.6955,6.6516,8.7877
6.4418,6.6524,7.7158
5.6959,6.6599,8.7912
6.5258,6.6632,7.7555
5.6966,6.6641,8.7921
-8.8831,6.6862,13.2739
-10.1968,6.6888,7.2119
6.3623,6.6918,7.6457
-9.4239,6.6929,9.4119
6.1775,6.6967,7.4557
3.7722,6.6977,19.1818
5.3552,6.7006,8.6503
-8.8420,6.7046,13.4099
4.9973,6.7139,7.5449
-9.0098,6.7140,13.2411
6.4586,6.7164,7.6602
5.1663,6.7167,7.2130
6.1604,6.7196,8.7288
-9.1682,6.7211,9.5091
6.6860,6.7245,8.2975
6.6428,6.7281,7.7327
5.1590,6.7312,7.2136
5.0457,6.7389,8.2816
-9.0711,6.7417,9.5324
-9.2671,6.7418,9.5646
3.8179,6.7433,19.1453
5.8855,6.7445,8.8148
-9.1180,6.7466,9.6102
-9.7160,6.7483,9.5028
-9.1143,6.7483,9.1555
-9.1116,6.7490,9.6148
3.7137,6.7501,19.2123
5.8024,6.7538,8.8036
6.2340,6.7544,7.5196
6.2724,6.7592,7.2147
6.2388,6.7592,7.4844
5.8080,6.7606,8.8104
-11.3664,6.7614,8.7842
5.8040,6.7624,8.8080
-9.0299,6.7628,9.6382
5.8075,6.7645,8.8104
5.8077,6.7663,8.8104
-9.2170,6.7674,9.6665
-9.2079,6.7718,9.6617
-9.3257,6.7742,8.5837
-9.0382,6.7753,9.7516
5.2126,6.7764,7.2154
-9.0316,6.7775,9.7553
-9.1197,6.7879,9.6889
3.5103,6.7900,19.3560
-9.1172,6.7900,9.6804
-8.9474,6.7935,9.7702
-9.6011,6.7938,8.0242
6.7629,6.7977,8.1521
-9.1278,6.8002,9.8014
6.7648,6.8038,7.9434
6.3518,6.8038,7.5796
-8.9313,6.8045,9.4362
3.6080,6.8128,19.2642
-9.8623,6.8146,7.5769
6.7663,6.8153,7.8279
-11.3711,6.8185,8.8973
-10.0932,6.8245,7.2172
5.3163,6.8271,7.2173
6.5099,6.8320,7.6183
6.6101,6.8331,7.6510
3.5074,6.8358,19.3742
5.7113,6.8463,8.7850
3.6051,6.8586,19.2823
-8.7110,6.8636,10.0076
4.9485,6.8657,7.5449
6.2838,6.8778,7.4275
-9.0040,6.8779,8.9513
-9.1532,6.8799,8.6984
-9.7066,6.8833,7.7288
4.9069,6.8851,7.8492
6.4569,6.8930,7.5606
-8.6512,6.8977,9.7709
-8.8702,6.9004,13.1596
5.4161,6.9004,7.2202
6.7390,6.9042,7.6694
-9.4027,6.9064,8.1877
-9.2726,6.9101,8.3935
-8.7758,6.9116,13.4313
6.2971,6.9135,7.2207
6.8536,6.9267,7.7981
-8.9044,6.9312,13.0868
6.5202,6.9314,7.5006
6.3910,6.9409,7.4666
-9.6924,6.9447,9.9412
-9.2675,6.9455,10.0834
-8.5159,6.9460,10.3548
-10.2820,6.9466,9.7187
4.9121,6.9498,7.6504
6.3510,6.9562,8.6746
-8.4695,6.9602,9.8532
-11.3826,6.9618,9.1222
6.7705,6.9648,7.5766
6.6850,6.9687,7.5006
5.0355,6.9762,8.3137
5.4860,6.9965,7.2240
6.8422,6.9976,8.0792
-9.9514,7.0109,7.2246
5.1945,7.0247,8.5335
6.6360,7.0296,8.4607
-9.7884,7.0304,7.4505
5.5168,7.0329,7.2254
5.5471,7.0329,7.2254
5.5499,7.0332,7.2255
-8.7991,7.0334,8.9765
5.5322,7.0373,7.2256
5.5537,7.0425,7.2258
-8.7154,7.0518,10.5399
-8.3671,7.0542,9.6589
6.4235,7.0557,7.4340
-9.1203,7.0588,8.4340
-9.6411,7.0592,7.6284
-8.1697,7.0613,10.1813
-9.0209,7.0648,8.5802
-8.1224,7.0664,10.5884
5.5746,7.0796,7.2273
6.9027,7.0806,7.5525
6.2995,7.0809,7.2273
-8.6768,7.0833,9.1023
4.9337,7.0885,8.0797
-9.1409,7.0962,10.4552
-11.3938,7.1000,9.3679
5.5606,7.1070,7.2284
-11.3952,7.1166,9.8981
-10.0106,7.1190,11.5934
-10.8160,7.1210,10.6171
4.9805,7.1240,7.6281
6.6089,7.1250,7.2291
5.1698,7.1287,7.5226
-7.9660,7.1316,10.4452
5.6653,7.1321,8.7782
-9.3717,7.1338,7.9558
6.4862,7.1346,7.4909
-8.5266,7.1363,9.2542
-7.9346,7.1420,10.8355
-8.8342,7.1426,8.7664
-8.3768,7.1441,9.4729
-8.6555,7.1456,13.3690
-8.7087,7.1527,13.2334
6.3312,7.1543,7.3602
-8.0673,7.1553,9.9870
-10.0097,7.1622,10.1612
-8.9835,7.1624,12.8746
6.7265,7.1653,7.2306
-8.9068,7.1720,8.6231
-9.8256,7.1738,7.2310
6.9310,7.1763,7.8159
-7.8765,7.1764,11.0948
5.4464,7.1817,7.3507
6.4269,7.1874,7.2315
-9.5045,7.1971,7.6919
6.2943,7.2053,7.2322
6.5001,7.2083,7.4242
-11.4032,7.2160,9.6598
-9.0766,7.2167,8.3144
6.4264,7.2194,7.3503
-10.5030,7.2219,10.9559
-7.6861,7.2266,11.0939
-8.6447,7.2459,8.9363
6.8061,7.2466,7.2338
6.8381,7.2564,7.2342
-9.6422,7.2575,7.4057
6.9210,7.2587,7.9815
5.3289,7.2602,8.6214
-8.7199,7.2660,8.8009
6.1759,7.2679,8.7397
6.8518,7.2689,7.2347
5.4904,7.2690,7.2347
5.3689,7.2690,7.5591
6.9485,7.2697,7.6631
-7.9340,7.2756,9.9906
-8.8939,7.2761,8.5239
5.4459,7.2827,7.4365
-7.4579,7.2921,11.2187
-8.5778,7.2923,11.0834
-9.1979,7.2953,8.0419
-9.7238,7.3039,7.2361
-8.0739,7.3043,11.2897
6.5913,7.3066,7.4568
-8.1795,7.3176,9.5277
-7.6353,7.3211,10.4845
5.4912,7.3237,7.5130
-10.2359,7.3242,11.2304
5.8604,7.3264,8.7783
-8.9643,7.3268,8.3614
-9.4105,7.3284,12.2839
5.0053,7.3349,7.7471
-8.3978,7.3392,9.1779
-7.3463,7.3399,11.0499
-9.3316,7.3465,10.8504
-9.5005,7.3717,7.4787
-7.2881,7.3730,11.6126
4.9669,7.3767,8.1341
-9.4672,7.3770,7.5400
-7.4315,7.3884,10.7174
5.3376,7.3935,7.5591
-8.4860,7.3959,8.9914
-7.9807,7.4013,9.7424
-8.5252,7.4050,13.4578
5.4453,7.4058,7.4365
-7.7539,7.4116,10.0960
6.7288,7.4186,8.3791
-10.7089,7.4191,10.4045
-9.6298,7.4230,7.2408
-8.2406,7.4235,9.3074
5.2062,7.4236,7.5226
-8.7948,7.4282,8.4921
5.1096,7.4320,7.5374
-7.0754,7.4359,11.6609
-8.0467,7.4386,9.5871
5.4122,7.4405,7.2415
-8.6933,7.4475,8.6258
5.4598,7.4481,7.5130
-9.0197,7.4489,12.6603
5.3003,7.4532,7.4847
-7.4599,7.4580,11.8286
4.9721,7.4660,7.9542
-9.5342,7.4662,12.0159
-7.5990,7.4679,10.2635
5.0499,7.4696,7.2426
-8.7792,7.4702,12.9462
5.3995,7.4707,7.3977
5.3230,7.4710,7.2427
-8.9717,7.4724,11.2439
5.0667,7.4725,7.6564
6.9329,7.4726,7.2427
-9.2913,7.4737,12.3904
-9.5870,7.4751,7.2428
-9.9697,7.4761,10.6419
-8.8652,7.4789,8.3296
5.1393,7.4895,7.2434
5.2129,7.4920,7.2435
-7.8855,7.4972,11.7445
5.1773,7.4978,7.4847
4.9559,7.5006,7.2438
6.8922,7.5136,8.1008
-9.6644,7.5167,10.9021
-9.1385,7.5198,7.8909
-8.4690,7.5334,8.8571
-9.3518,7.5367,7.5400
5.0731,7.5504,7.6102
-10.3349,7.5531,10.7162
-7.8450,7.5565,9.7554
-6.7672,7.5572,11.8210
6.9928,7.5622,7.5871
-7.7280,7.5627,9.9249
4.9435,7.5634,7.5453
-8.6012,7.5650,8.6268
-7.0754,7.5654,12.1389
5.3644,7.5739,8.5999
-7.1224,7.5759,10.8848
-9.5261,7.5772,7.2469
-8.1404,7.5846,9.2701
5.0025,7.5854,7.6643
6.2548,7.5872,8.6923
-7.0713,7.5892,12.4801
-7.1674,7.5990,12.5796
-7.2617,7.6030,10.6110
4.9080,7.6072,7.2480
-8.0162,7.6086,9.4263
-7.3482,7.6087,12.1705
-8.8441,7.6110,8.2162
-9.2321,7.6163,7.6529
-6.9591,7.6172,12.6352
-10.2847,7.6234,10.9468
5.6936,7.6303,8.7198
5.1914,7.6330,8.4257
-8.9629,7.6344,8.0250
-7.9904,7.6422,12.0865
-7.4635,7.6479,10.2285
-6.5426,7.6522,12.2991
-8.3610,7.6529,8.8751
4.8354,7.6530,7.5453
-9.1795,7.6540,12.4585
4.9080,7.6564,7.8166
-6.8508,7.6591,12.4005
6.5228,7.6645,8.5457
4.9805,7.6662,8.0010
-8.1691,7.6801,9.1307
-6.8916,7.6860,11.1004
4.8857,7.6895,7.2513
-9.1167,7.6912,11.5874
-9.3202,7.6931,7.4432
-6.5434,7.6937,11.7804
-8.2494,7.6952,8.9995
-9.7624,7.6960,11.2509
-6.5748,7.7018,12.5833
-8.5788,7.7031,8.5106
-6.6930,7.7053,12.7384
-7.5648,7.7072,12.3780
4.8474,7.7141,7.4486
-7.3300,7.7157,10.3431
6.9464,7.7237,7.8592
-10.0176,7.7256,11.2213
-7.8177,7.7273,9.5950
-6.3647,7.7317,12.4221
-7.0813,7.7328,10.6968
-9.4356,7.7330,7.2530
-7.6040,7.7366,9.9019
-6.6208,7.7396,11.4966
-7.9230,7.7421,9.4212
-9.5747,7.7445,11.5427
-7.4274,7.7465,12.5431
-6.3508,7.7509,12.5833
-9.5108,7.7529,11.9176
-8.3843,7.7547,8.7329
-7.1824,7.7576,10.5200
-7.4944,7.7656,10.0380
-8.4080,7.7684,13.3751
-8.7225,7.7693,8.2342
4.8999,7.7732,7.2546
-8.4699,7.7733,8.5986
4.8473,7.7748,7.7427
5.9277,7.7789,8.7005
-8.3041,7.7850,12.2320
-6.6399,7.7899,12.9615
4.8337,7.7934,7.5905
4.9947,7.7936,8.1304
-8.6198,7.7947,8.3650
1.4650,7.7997,20.9540
-8.0793,7.8035,9.1207
7.0140,7.8074,7.2559
-9.0239,7.8074,11.8987
-9.3900,7.8113,7.2561
-9.0871,7.8157,7.6720
-6.8776,7.8163,13.1187
-9.1164,7.8168,12.4585
-8.1596,7.8186,8.9895
-9.2884,7.8256,12.1253
-8.6088,7.8264,12.9991
-8.9363,7.8347,7.8696
-9.1296,7.8468,12.3301
-6.2378,7.8476,12.4221
5.2108,7.8496,8.3752
-8.7487,7.8517,12.1035
-7.7202,7.8578,9.5980
-7.6235,7.8610,9.7354
6.9119,7.8670,7.8704
-7.2781,7.8679,12.7516
-8.7374,7.8730,8.1176
-6.2316,7.8762,12.5833
-8.2679,7.8820,8.7746
4.9308,7.8993,7.9223
-7.8795,7.8999,9.3162
-9.2004,7.9015,7.4432
-8.1548,7.9037,8.9068
-6.1919,7.9046,12.2584
-6.3995,7.9115,12.9550
-8.8323,7.9151,7.9441
6.5571,7.9179,8.5056
-8.4625,7.9186,8.4769
-7.9515,7.9192,9.1801
1.4722,7.9228,20.9686
-7.0608,7.9280,13.3062
4.8681,7.9319,7.5216
-8.5519,7.9322,8.3409
-7.6398,7.9347,12.7814
-6.9116,7.9363,13.3059
4.9289,7.9376,7.4486
4.0933,7.9429,18.6264
-7.2447,7.9440,10.2041
-9.0843,7.9515,7.5591
-7.3609,7.9534,10.0272
-6.6430,7.9633,11.0834
-6.9179,7.9648,10.6560
-6.1683,7.9669,12.7871
-6.1712,7.9671,12.6385
4.0834,7.9749,18.5301
-6.0438,7.9773,12.9154
-8.2822,7.9781,8.6712
-7.1397,7.9841,10.3133
-7.7494,7.9902,9.4158
1.3850,7.9921,21.0089
-8.9248,7.9940,12.3950
-8.6571,7.9957,8.1260
-8.3912,7.9961,8.5078
1.4552,8.0017,21.0130
-7.9378,8.0093,12.7148
6.8559,8.0095,8.0495
-9.2657,8.0130,7.2640
-8.1516,8.0159,13.5738
-8.0538,8.0229,8.9322
-5.7053,8.0230,13.0245
-7.5168,8.0232,9.7194
-5.9433,8.0256,12.8235
4.9879,8.0278,7.2646
6.6778,8.0285,8.3780
6.4210,8.0293,8.6465
-8.5743,8.0295,8.2185
4.1643,8.0371,18.5265
-5.9465,8.0434,13.3656
-6.2630,8.0470,11.6221
-8.7241,8.0472,12.7132
-7.9308,8.0535,9.0743
-7.4905,8.0561,12.9899
6.9602,8.0675,7.5983
-6.7798,8.0678,13.3149
-8.8154,8.0681,7.8380
6.3323,8.0693,8.6839
-6.5055,8.0694,13.1212
-6.2304,8.0706,13.0690
1.3681,8.0710,21.0534
-5.7545,8.0850,12.8109
-6.7104,8.0851,10.8271
-7.3638,8.0867,9.8752
6.7664,8.0890,8.2083
-6.0732,8.0916,12.8127
3.8693,8.0967,18.7052
-8.7044,8.1060,7.9615
6.9994,8.1060,7.2676
-6.0865,8.1102,12.5318
4.0172,8.1111,18.5600
-6.0956,8.1111,12.7485
-6.9763,8.1116,10.4084
-7.1808,8.1183,10.1033
-5.3492,8.1194,13.3846
-8.9166,8.1236,7.6506
-5.4347,8.1250,13.0459
-8.5030,8.1254,12.7132
4.1708,8.1301,18.5307
-5.6936,8.1319,13.6401
6.3145,8.1324,8.6180
-6.3863,8.1326,11.2907
5.9325,8.1343,8.5883
-8.2245,8.1350,8.6162
-6.2325,8.1383,13.3683
-5.9726,8.1400,12.7207
-7.6908,8.1461,9.3484
-8.0536,8.1493,8.8247
-6.0579,8.1574,12.2530
5.3352,8.1605,8.3965
7.3194,8.1607,11.2610
-8.3764,8.1689,8.3821
7.3198,8.1697,11.1830
-7.1038,8.1716,13.6970
5.0232,8.1725,7.8846
-7.5550,8.1758,9.5146
-6.0412,8.1776,12.6000
4.9740,8.1865,7.6363
5.7271,8.1874,17.0703
-8.4701,8.1887,8.2289
-7.8002,8.1901,9.1430
5.7061,8.2041,17.1294
-8.1506,8.2046,12.9515
-5.6237,8.2052,13.8833
-8.1314,8.2094,8.6737
7.3216,8.2099,11.4409
4.0769,8.2306,18.5041
-4.8763,8.2354,13.6535
-5.1553,8.2407,14.1975
5.7520,8.2433,17.1173
-6.0285,8.2443,12.4166
-4.7369,8.2500,14.0586
-4.8932,8.2508,14.2816
-6.7839,8.2543,13.5837
-8.2777,8.2584,8.4393
-5.9332,8.2593,12.6323
5.7311,8.2599,17.1764
-5.6797,8.2606,12.6399
6.2061,8.2666,8.5384
-6.9587,8.2668,13.7796
-7.2477,8.2720,9.8547
-7.3889,8.2776,13.2161
-5.2309,8.2784,12.8762
-8.6612,8.2829,7.8747
5.0619,8.2858,7.2747
-5.8344,8.2865,14.0558
-4.7140,8.2897,13.5337
6.8524,8.2991,7.9135
-7.4614,8.3046,9.5240
-9.0887,8.3060,7.2755
-4.4221,8.3089,14.3677
7.3261,8.3093,12.4569
-4.5784,8.3096,14.5906
5.0618,8.3121,7.5911
-7.9086,8.3134,13.6611
-7.9541,8.3148,8.8165
7.3265,8.3182,11.8399
-5.8289,8.3206,12.5641
-8.5788,8.3222,7.9568
-6.5117,8.3235,13.6892
-7.8237,8.3250,8.9927
7.3269,8.3256,12.2937
-6.8550,8.3322,10.3463
-8.8562,8.3326,7.5680
6.8782,8.3354,7.7344
-7.1808,8.3367,9.8873
-7.3071,8.3372,9.7083
-5.9962,8.3409,12.5447
7.3276,8.3412,12.5108
-8.5008,8.3426,8.0486
-6.0196,8.3458,11.6998
-8.4315,8.3522,8.1413
5.6498,8.3558,8.4547
-5.2203,8.3595,14.5340
7.3291,8.3747,12.1346
-8.0320,8.3750,8.6655
-4.8774,8.3759,13.1571
-4.4458,8.3762,13.7666
5.2115,8.3777,8.1140
6.7630,8.3786,8.0723
-5.5726,8.3793,14.3900
7.3294,8.3807,12.0851
-5.9608,8.3816,12.5757
-7.1820,8.3846,14.0201
-5.4594,8.3900,12.6193
-6.4977,8.3964,10.8115
-7.9330,8.4004,13.3258
-5.2525,8.4009,12.7198
-5.9574,8.4087,12.4166
-6.3033,8.4134,11.1006
-5.9353,8.4138,11.9455
6.6704,8.4167,11.7684
-4.0510,8.4176,14.5283
-4.3565,8.4192,15.0551
-5.0108,8.4198,12.9320
-7.6243,8.4233,14.0479
6.4451,8.4249,8.3640
-5.8070,8.4286,12.5075
7.3315,8.4293,12.6349
7.0600,8.4315,12.5549
-7.4633,8.4466,13.3159
5.0189,8.4470,7.2811
-3.9309,8.4493,14.8871
-4.0800,8.4502,15.1910
-4.5205,8.4510,13.5194
-8.7117,8.4540,7.6686
7.0718,8.4555,12.4502
-5.8626,8.4555,15.3984
-5.7105,8.4567,12.4757
-5.6909,8.4589,15.1064
-8.5079,8.4595,7.9431
-7.8975,8.4642,13.5507
-6.9302,8.4670,10.1151
6.9405,8.4703,7.2820
-5.8807,8.4703,12.5075
-7.0925,8.4707,9.8906
-5.7491,8.4724,15.0839
-8.2109,8.4767,8.3461
-5.6243,8.4769,14.6673
-7.0370,8.4799,14.1027
-5.2395,8.4815,15.4132
-7.6872,8.4833,9.0542
6.8835,8.4835,12.2406
-5.5517,8.4879,14.9772
-5.0422,8.4915,14.9535
-7.6452,8.4954,13.3974
-6.5840,8.4966,10.5784
-4.6719,8.4979,13.2567
-4.2201,8.4988,13.9095
6.8787,8.5007,12.7815
-6.6916,8.5027,15.1077
-7.4397,8.5028,9.3837
-5.8786,8.5055,12.4834
6.9033,8.5135,7.6126
-8.9656,8.5150,7.2837
-5.4328,8.5163,12.5125
-8.0583,8.5189,8.5148
-6.1579,8.5199,14.2821
-4.8924,8.5213,15.6113
-5.3220,8.5223,15.1194
6.9671,8.5248,12.8630
-8.8292,8.5276,7.4539
6.9560,8.5292,12.6339
-3.8266,8.5294,15.5621
-4.4659,8.5298,15.3408
-5.4408,8.5300,12.4758
5.0825,8.5337,7.5911
-5.5607,8.5339,12.4281
6.2430,8.5349,8.3900
-6.4793,8.5354,14.1559
6.5956,8.5401,8.1529
-4.7719,8.5421,15.2117
-3.5854,8.5425,15.1314
-3.5453,8.5436,15.4990
-4.6942,8.5440,16.0052
6.9679,8.5450,12.5555
-6.2967,8.5457,15.5551
-10.5804,8.5459,12.4765
-7.2359,8.5473,9.6220
-8.2711,8.5507,8.2013
-5.9219,8.5544,12.3758
4.9736,8.5546,7.2853
6.2964,8.5610,12.1395
6.4884,8.5629,12.3139
4.9741,8.5632,7.2856
7.3377,8.5656,12.8167
-5.7497,8.5690,12.4401
-5.8089,8.5745,12.4478
-7.5061,8.5763,9.2305
6.8325,8.5773,12.7817
-5.8987,8.5834,12.4425
-5.8269,8.5883,14.7315
-3.8811,8.5906,14.3191
-6.1276,8.5932,11.1873
5.0082,8.5951,7.4455
6.6887,8.6015,12.9293
-5.2604,8.6023,12.5125
-5.0878,8.6054,12.6560
-4.3607,8.6080,13.5286
-5.9672,8.6112,11.4552
-7.4915,8.6117,14.1208
-4.7045,8.6128,15.5758
-5.8125,8.6129,15.0189
-4.9493,8.6164,12.7826
-7.6936,8.6167,8.9313
6.8693,8.6244,12.7010
7.3405,8.6279,10.9675
5.2245,8.6282,8.0002
-4.0213,8.6307,14.0297
-6.4063,8.6380,15.3589
6.7921,8.6422,12.8488
-7.1353,8.6426,9.6766
-7.6739,8.6436,13.7584
5.0061,8.6455,7.2889
-6.9734,8.6457,14.3085
-6.0040,8.6481,15.3552
-6.1485,8.6483,15.5290
-4.1959,8.6494,13.7053
-7.2509,8.6523,13.3420
-3.1324,8.6524,15.8042
-3.2773,8.6563,15.1920
6.4588,8.6625,12.6168
-7.2855,8.6644,9.4561
6.7386,8.6669,12.7622
5.0826,8.6676,7.7257
-4.5880,8.6696,13.1500
-7.3146,8.6722,14.3281
6.5787,8.6743,12.9912
-8.8688,8.6792,7.2902
-3.8694,8.6804,15.9527
-5.1223,8.6804,12.5554
6.6614,8.6846,12.9100
-5.2844,8.6865,12.4244
-7.9423,8.6891,8.5355
-8.4303,8.6900,7.8781
-3.0221,8.6912,16.1199
6.6930,8.6918,11.6016
-4.4024,8.7062,15.9315
-6.7486,8.7075,10.1518
-4.3364,8.7096,16.2181
-4.2323,8.7118,15.8673
-5.7800,8.7132,12.3523
-7.7369,8.7139,8.7945
-6.0167,8.7177,15.1985
-8.5519,8.7238,7.6858
-6.0988,8.7241,14.6805
-5.8701,8.7258,12.2625
-6.7247,8.7273,14.3828
6.1858,8.7277,12.7147
-6.5231,8.7317,10.4493
-7.5775,8.7330,9.0004
-4.4004,8.7340,13.3224
6.7600,8.7373,13.2146
-5.5038,8.7385,12.2948
-7.4750,8.7409,14.0153
6.8794,8.7417,7.2927
-5.1507,8.7426,12.4721
-4.8333,8.7431,12.7765
-6.9984,8.7432,14.5943
-7.4424,8.7438,9.1783
-7.4328,8.7466,13.5203
6.4951,8.7491,13.0819
-7.8004,8.7494,8.6822
-5.8469,8.7548,12.3293
5.7055,8.7566,8.2918
-7.4953,8.7599,9.0895
-3.0305,8.7628,16.4746
-7.5171,8.7634,9.0592
5.8848,8.7644,12.6786
5.0587,8.7672,7.2937
6.8999,8.7692,7.4745
-5.6784,8.7699,12.3523
-2.8651,8.7712,15.7708
-8.2629,8.7716,8.0436
6.8527,8.7741,7.6126
-4.0531,8.7750,16.6516
-2.9699,8.7762,15.5261
-5.8092,8.7797,11.8938
4.9530,8.7820,14.5536
-7.2367,8.7859,14.2891
-7.5533,8.7874,13.9019
6.2869,8.7903,12.9565
4.8301,8.7943,14.4466
-3.7879,8.7960,16.2460
-2.5853,8.8022,16.4393
-4.7202,8.8046,12.8434
-4.6189,8.8057,12.9678
-5.2819,8.8065,12.3227
-5.0354,8.8069,12.5194
-7.0900,8.8071,9.6004
5.0305,8.8089,14.7088
-7.5650,8.8105,8.9555
5.4039,8.8119,8.1198
-7.4229,8.8150,14.5421
-5.7978,8.8156,12.2746
6.3992,8.8176,13.0970
-6.6580,8.8196,14.9996
-6.0822,8.8201,11.0190
-3.2536,8.8203,14.9428
-7.5029,8.8209,9.0367
-7.5051,8.8230,9.0305
6.3965,8.8267,13.3014
5.9859,8.8270,12.9204
-4.0849,8.8308,16.4472
-7.4970,8.8310,13.6564
-7.6196,8.8314,8.8640
4.7499,8.8374,14.7870
-7.4827,8.8374,9.0446
-3.7978,8.8375,17.1087
-2.4841,8.8377,16.7210
-6.7799,8.8392,14.7912
6.6229,8.8404,7.9796
6.8791,8.8407,7.2965
-7.5045,8.8409,9.0143
-7.4938,8.8411,9.0320
-3.9476,8.8429,17.1010
-7.5166,8.8479,8.9959
-7.2509,8.8541,13.4103
-5.3814,8.8545,12.2409
-4.0459,8.8553,13.6764
5.0616,8.8557,14.4645
-5.7170,8.8561,12.3045
-5.8090,8.8590,12.0880
-3.5730,8.8614,16.4768
-3.7149,8.8615,17.2001
-2.6667,8.8616,16.8339
-5.5823,8.8621,12.2546
-3.5834,8.8625,14.3805
6.4630,8.8636,13.4144
-7.5506,8.8642,8.9342
7.3512,8.8651,12.9923
-7.5495,8.8655,8.9348
5.2670,8.8658,14.8369
-3.8647,8.8669,17.1924
4.9386,8.8681,14.3575
-7.4048,8.8705,9.1288
4.6443,8.8753,14.5204
-3.8833,8.8758,13.8868
-3.2110,8.8810,16.6794
5.0917,8.8813,7.6873
-2.3506,8.8820,16.4789
-6.3671,8.8840,15.2904
-4.2894,8.8868,13.3045
-5.0519,8.8907,12.4187
4.4866,8.8914,14.7056
-7.4675,8.8915,9.0279
6.3006,8.8953,13.3166
-6.6513,8.8962,14.7533
-8.7598,8.8981,7.2988
-7.2981,8.9037,14.1365
7.0229,8.9040,11.2011
5.9131,8.9064,8.2919
7.0255,8.9072,7.2992
-7.3450,8.9079,14.6961
5.0949,8.9086,7.2992
-2.5974,8.9109,15.9609
-3.7343,8.9110,16.8442
4.8022,8.9133,15.0357
7.3203,8.9145,7.3035
-4.7955,8.9151,12.6556
-6.1844,8.9158,15.2534
7.3535,8.9160,7.3403
-3.6520,8.9172,17.0724
-7.5484,8.9202,8.8936
5.1493,8.9211,15.0628
7.3539,8.9236,7.3734
-2.4279,8.9247,16.2229
-5.1454,8.9260,12.3171
-7.9485,8.9268,8.3551
7.2197,8.9269,7.2999
-6.4649,8.9292,15.1823
-3.5644,8.9302,17.3267
-2.1050,8.9437,16.9702
-3.3841,8.9465,14.5847
-2.2495,8.9469,17.0887
7.3551,8.9509,7.3609
-4.8574,8.9526,12.5611
-6.7341,8.9528,9.9665
5.7781,8.9554,12.5807
7.2417,8.9583,7.4377
5.5608,8.9593,12.9294
5.3646,8.9598,14.7710
7.2365,8.9603,7.4419
-2.8218,8.9603,15.4341
5.5459,8.9621,13.0045
5.5416,8.9629,12.9852
5.5416,8.9630,12.9854
7.3558,8.9661,7.3246
-4.0997,8.9667,13.4817
-2.4320,8.9708,17.2017
-6.9132,8.9731,9.7084
7.2162,8.9743,7.4875
7.2157,8.9746,7.4881
-7.3764,8.9749,13.7999
-6.2747,8.9751,14.9347
6.7654,8.9758,7.7198
-4.9184,8.9760,12.4701
7.2104,8.9765,7.4923
-4.6824,8.9766,12.7225
5.2366,8.9766,14.5539
6.5094,8.9771,8.0614
7.2085,8.9773,7.4946
7.2076,8.9776,7.4954
5.9258,8.9776,13.2117
7.2042,8.9789,7.4980
7.1934,8.9830,7.5077
-6.3068,8.9831,10.5346
7.1916,8.9837,7.5092
7.1895,8.9844,7.5110
7.1879,8.9850,7.5123
7.1877,8.9851,7.5125
7.1856,8.9859,7.5143
7.1843,8.9863,7.5154
7.1840,8.9864,7.5156
-7.8066,8.9870,8.5018
7.1817,8.9873,7.5175
7.1795,8.9881,7.5194
5.5603,8.9882,13.1059
7.1782,8.9886,7.5205
7.1773,8.9889,7.5212
7.1769,8.9890,7.5215
7.1767,8.9891,7.5217
7.1767,8.9891,7.5217
7.1767,8.9891,7.5217
7.1767,8.9891,7.5217
7.1766,8.9891,7.5217
7.1756,8.9895,7.5226
7.1754,8.9896,7.5228
7.1747,8.9898,7.5233
-6.1279,8.9920,10.7845
-8.0992,8.9933,8.1059
-5.8358,8.9934,11.2841
5.0949,8.9954,7.5527
4.3992,8.9963,15.1674
-1.9529,8.9966,17.2438
6.2032,8.9987,12.0542
-4.4784,9.0039,12.9492
-5.7488,9.0043,12.1635
-5.6948,9.0049,12.1889
-7.2260,9.0073,9.2661
-6.4657,9.0107,14.9508
5.1113,9.0180,7.3035
6.1281,9.0186,13.4674
5.5139,9.0189,13.0460
5.5143,9.0194,13.0485
-2.9734,9.0194,15.0916
5.5100,9.0201,13.0292
-2.0714,9.0201,17.4094
-4.3364,9.0207,13.1134
5.4947,9.0227,13.1036
5.4909,9.0241,13.0870
-7.2379,9.0241,14.0011
-8.4774,9.0266,7.5852
-3.4642,9.0274,17.2617
-6.2102,9.0277,15.1553
4.9237,9.0301,14.2581
5.0598,9.0342,7.3042
-5.3167,9.0372,12.1402
4.1925,9.0400,14.9098
-1.9728,9.0423,16.7649
5.5075,9.0430,13.0536
-5.1617,9.0437,12.2201
5.4624,9.0455,8.0564
5.4930,9.0467,13.1331
5.4883,9.0469,13.1111
5.4884,9.0471,13.1130
5.4888,9.0477,13.1156
-7.2379,9.0488,13.7778
5.6970,9.0507,13.2744
-2.4764,9.0525,15.8758
4.6002,9.0547,14.4129
-2.2537,9.0603,16.2434
-5.9067,9.0604,11.0709
5.6551,9.0611,12.7261
-6.4012,9.0633,15.1715
-2.0913,9.0640,16.5172
6.8879,9.0646,7.4745
4.7008,9.0678,7.3055
-1.8800,9.0682,17.6213
6.9758,9.0685,7.4211
4.0527,9.0689,15.1229
-7.3143,9.0692,9.1009
-5.7369,9.0692,11.7153
-1.6625,9.0699,17.3579
5.5070,9.0722,13.2318
-4.7876,9.0742,12.5182
1.9793,9.0742,20.1111
5.2920,9.0755,7.8984
-7.1783,9.0838,9.2709
6.4917,9.0845,13.6972
-2.6192,9.0865,17.3990
5.2095,9.0883,15.2151
-3.0342,9.0955,17.2362
-2.5960,9.0969,15.5936
-4.5523,9.0969,12.7718
7.3621,9.1052,10.8076
-5.4945,9.1057,12.1051
4.3355,9.1083,15.5049
4.2762,9.1097,7.3071
6.2144,9.1180,8.2353
-3.2620,9.1205,17.3606
-3.7082,9.1256,13.8847
-7.5620,9.1315,8.7266
-4.8819,9.1331,12.3754
5.9595,9.1345,8.2516
4.7711,9.1358,14.2396
-1.5967,9.1382,17.1750
-4.0328,9.1386,13.4063
6.5766,9.1402,7.9867
-1.5468,9.1487,17.6213
-2.1783,9.1490,16.1834
4.8541,9.1506,7.5527
-3.5485,9.1522,14.0889
6.5158,9.1545,8.1321
-2.1129,9.1545,16.2473
6.5477,9.1567,8.1069
-2.0259,9.1585,16.3890
-2.2537,9.1595,16.0897
7.3646,9.1609,10.7896
-5.7405,9.1623,12.0122
-1.7549,9.1636,16.8556
-5.3512,9.1646,12.0447
-5.0315,9.1655,12.2270
-2.3069,9.1655,15.9842
6.4939,9.1679,11.6779
6.2527,9.1709,13.7349
-7.3450,9.1717,15.0580
5.5219,9.1730,13.0635
6.3619,9.1759,8.1709
-4.1937,9.1778,13.1540
4.2368,9.1846,7.3101
-8.6182,9.1964,7.3105
-5.7242,9.1979,12.0763
7.3664,9.2009,10.7761
-7.7105,9.2024,8.4811
5.5172,9.2029,13.2225
-5.6177,9.2038,12.1113
3.7568,9.2083,15.3575
5.7460,9.2100,13.6031
-1.3649,9.2115,17.9678
4.9790,9.2133,14.1792
5.2379,9.2147,14.3864
7.3672,9.2174,13.2071
1.8749,9.2184,20.2205
4.7292,9.2191,7.6968
-4.7596,9.2198,12.4287
-3.0829,9.2219,17.5765
-1.9352,9.2221,17.9696
-1.3225,9.2274,17.7517
-2.1783,9.2282,16.0840
-2.4615,9.2297,17.7737
-5.6895,9.2314,11.6358
5.4819,9.2316,14.7569
-5.9523,9.2323,10.8363
-4.5972,9.2335,12.5919
3.8198,9.2369,15.6903
-3.1738,9.2399,14.5452
-2.9610,9.2434,14.8516
5.9804,9.2450,8.2901
4.6158,9.2466,15.6928
-4.4711,9.2471,12.7358
5.4302,9.2491,15.1414
-1.3555,9.2513,18.2187
5.7912,9.2514,8.2350
1.9336,9.2516,20.1358
-2.2296,9.2529,15.9506
-5.5196,9.2532,12.0653
7.0011,9.2541,11.1225
-2.4836,9.2549,15.5228
3.9391,9.2622,15.0087
3.5875,9.2642,15.5875
-2.0110,9.2721,16.2355
-5.0635,9.2753,12.1254
-1.9240,9.2760,16.3771
-3.8808,9.2791,13.4866
-5.2261,9.2820,12.0253
4.5825,9.2820,7.6501
4.9976,9.2828,15.5224
1.9385,9.2831,20.1741
-6.4746,9.2848,10.0481
6.5948,9.2851,8.1386
6.5480,9.2870,8.1214
-2.2235,9.2895,15.9592
4.3893,9.2904,7.3142
6.5626,9.2905,8.1644
-6.2728,9.2909,10.3188
-5.1288,9.2911,12.0676
6.6787,9.2918,7.6452
4.1892,9.2930,14.6970
5.3063,9.2963,8.0578
-1.1621,9.2981,18.1691
5.0258,9.2998,7.9908
5.9038,9.3003,16.5741
-1.3595,9.3005,17.2538
-2.2296,9.3016,15.8969
-7.3928,9.3037,8.8266
5.0953,9.3066,14.1734
6.8688,9.3085,13.8820
7.3713,9.3096,13.2713
-3.1448,9.3099,17.8271
-3.9241,9.3114,17.5730
7.3715,9.3127,13.2736
1.9971,9.3162,20.0894
-8.0896,9.3169,7.9316
4.6088,9.3176,7.4793
4.6204,9.3194,7.5228
6.6034,9.3195,7.8302
-5.6656,9.3216,11.7280
-5.0211,9.3226,12.1235
-3.7067,9.3226,13.6935
-5.0217,9.3230,12.1210
-5.1070,9.3239,12.0611
5.6194,9.3249,12.7345
4.6294,9.3250,7.4961
-2.6874,9.3252,17.8737
-5.1055,9.3253,12.0610
-2.2050,9.3261,15.9483
-5.1879,9.3273,12.0188
-5.1858,9.3282,12.0211
-1.6489,9.3297,16.7342
-2.1300,9.3302,18.1215
-6.8591,9.3303,9.5073
-2.3232,9.3319,15.7052
-1.5527,9.3325,18.3510
6.1056,9.3347,16.3258
-5.6694,9.3354,11.8307
-2.2661,9.3356,15.8308
-1.1526,9.3379,18.4200
6.9741,9.3421,13.7593
5.7163,9.3434,15.4296
5.5099,9.3441,14.8821
5.4837,9.3447,15.3442
6.3975,9.3453,8.1088
5.8450,9.3458,16.4479
-2.1205,9.3461,16.0352
4.7507,9.3476,7.6993
5.5395,9.3528,12.9459
-5.0015,9.3545,12.1147
-5.6573,9.3545,11.9791
-3.5783,9.3580,17.8237
6.6023,9.3586,8.2038
4.7773,9.3594,7.7282
-5.6048,9.3599,11.9886
-5.1667,9.3606,12.0098
-2.1657,9.3620,15.9574
6.2585,9.3626,8.1900
-2.1657,9.3627,15.9577
-2.1657,9.3633,15.9575
-2.1657,9.3638,15.9706
-2.2050,9.3639,15.9238
-2.5640,9.3655,15.2863
-1.4235,9.3661,19.1332
3.6485,9.3664,15.3100
4.5135,9.3671,7.3173
6.3472,9.3689,13.9198
5.9799,9.3703,13.8341
-5.0658,9.3720,12.0543
6.5541,9.3722,8.1847
4.8076,9.3738,7.6957
-8.2567,9.3776,7.6768
6.5538,9.3798,8.1853
5.6956,9.3819,13.6305
4.7887,9.3850,7.5720
-1.1553,9.3867,17.4367
-0.8694,9.3881,18.3767
3.6618,9.3902,16.0951
5.1794,9.3903,15.5816
-1.3695,9.3907,17.0817
5.6059,9.3907,15.7389
6.5993,9.3913,7.5379
5.9723,9.3915,16.3180
-1.5006,9.3945,16.8815
4.8153,9.3967,7.6009
-2.2050,9.3971,15.8577
4.8074,9.3976,7.4961
5.5226,9.3981,15.2114
-2.1472,9.3993,15.9463
-4.7007,9.4009,12.3542
-1.8304,9.4023,16.3782
4.8293,9.4027,7.5593
5.8654,9.4051,16.6563
5.7694,9.4062,8.4448
-2.1457,9.4064,19.0406
4.8292,9.4069,7.4933
-4.5128,9.4084,12.5503
-7.0359,9.4094,9.2185
4.8390,9.4098,7.5101
-2.8181,9.4107,14.8914
3.3218,9.4126,15.7289
-0.9600,9.4126,17.7539
-2.2701,9.4127,15.6868
-4.1331,9.4151,13.0278
6.1320,9.4152,8.2930
-2.2130,9.4164,15.8124
4.8587,9.4168,7.6703
4.6093,9.4195,7.3193
4.8541,9.4201,7.4933
5.4549,9.4210,8.4256
-0.9848,9.4236,19.3637
-1.9608,9.4237,16.1436
7.3765,9.4254,13.5644
-5.6247,9.4257,11.5778
-1.8216,9.4261,18.8661
-0.8161,9.4276,19.4768
-0.9481,9.4285,18.6630
-1.7078,9.4291,16.5163
-5.3998,9.4298,11.9234
-2.6149,9.4298,18.0600
-2.6851,9.4339,15.0545
-2.9618,9.4368,18.0134
4.7632,9.4381,14.1018
4.8815,9.4411,7.5209
-2.0275,9.4412,18.8127
-4.4279,9.4438,17.5730
4.8827,9.4445,7.4956
4.9826,9.4454,15.8142
5.1765,9.4471,15.8862
4.7416,9.4493,17.5055
6.2277,9.4500,13.9460
6.0082,9.4522,15.9577
-4.2487,9.4537,12.8420
4.7452,9.4540,17.5055
-1.8041,9.4545,19.1773
-8.5180,9.4553,7.3207
-2.0347,9.4571,19.1936
-1.9900,9.4573,18.6336
-2.0050,9.4585,16.0541
-2.1675,9.4610,18.9443
-3.3132,9.4615,14.1404
4.9004,9.4626,7.5064
5.1551,9.4626,8.3192
4.7256,9.4641,7.3211
5.7174,9.4651,15.9996
4.0776,9.4652,14.6755
-3.1377,9.4652,14.3926
5.8755,9.4654,15.2819
-7.8427,9.4658,8.1600
-2.1482,9.4674,15.8156
6.1960,9.4683,16.3155
5.7384,9.4691,16.5482
5.7737,9.4696,16.6984
-0.7473,9.4727,18.7053
-4.9889,9.4736,12.0435
4.9096,9.4749,14.0463
-1.9165,9.4756,19.1757
3.1355,9.4767,15.9333
-2.1675,9.4773,18.7343
4.9187,9.4781,7.5371
6.0624,9.4786,16.1470
-3.8400,9.4786,13.3662
-5.1535,9.4793,11.9410
3.4213,9.4795,15.4946
-1.5686,9.4801,19.0282
-1.7041,9.4804,18.8593
5.5429,9.4805,13.1679
3.2432,9.4816,16.1966
-1.4900,9.4821,18.7116
-0.7098,9.4868,18.1776
6.5912,9.4873,8.2198
6.5423,9.4893,7.8560
7.1346,9.4902,13.7574
4.7661,9.4922,17.4765
-0.7627,9.4931,18.8849
-4.5429,9.4950,12.4490
6.4122,9.4967,8.0316
-2.2336,9.4991,15.6523
4.3623,9.4998,16.0730
-7.6719,9.5005,15.2977
6.5894,9.5028,8.2171
6.3300,9.5039,15.9914
5.7083,9.5060,15.1036
6.2180,9.5061,15.7802
5.9550,9.5067,8.4708
-2.0905,9.5075,15.8797
7.0346,9.5083,11.0139
6.5890,9.5104,8.2177
-5.6528,9.5138,11.1347
3.9241,9.5149,16.2898
-5.2384,9.5174,11.8727
4.7224,9.5178,17.5055
-1.1727,9.5178,18.9418
-0.8471,9.5193,19.0045
-3.6659,9.5220,13.5731
6.8314,9.5235,11.2124
4.7695,9.5275,17.5055
-1.8470,9.5292,16.2039
-1.4373,9.5325,16.7995
-1.2089,9.5351,17.1234
-0.5619,9.5373,18.9272
-5.6341,9.5380,11.8936
6.4658,9.5408,7.5379
-6.5565,9.5417,9.7450
5.9295,9.5422,13.8616
6.5871,9.5423,8.2122
-1.0085,9.5434,19.3167
5.4479,9.5441,8.6191
6.3303,9.5505,16.1522
-5.6299,9.5544,11.8093
-3.4101,9.5554,18.2748
-2.1668,9.5558,15.6895
-1.2793,9.5563,19.2049
-2.4254,9.5566,15.2906
-1.0672,9.5586,17.2955
6.5864,9.5587,8.2109
-2.4575,9.5599,18.3367
-5.8563,9.5611,10.6922
6.5860,9.5625,8.2100
4.3084,9.5665,18.0330
-2.8044,9.5669,18.2901
4.3365,9.5679,17.8981
5.5617,9.5682,16.3175
4.4708,9.5686,17.7646
4.7944,9.5700,17.4765
5.3674,9.5747,14.3475
-3.9315,9.5753,13.1598
6.6946,9.5764,14.1572
3.0612,9.5771,16.4503
5.2295,9.5781,8.2101
-1.3907,9.5807,19.0990
5.6190,9.5841,13.3732
-5.5080,9.5858,11.9060
7.3838,9.5867,13.9805
4.5473,9.5911,16.1352
4.5926,9.5914,17.5895
5.6558,9.5917,16.5469
-1.0975,9.5923,19.2662
2.8292,9.5926,16.3575
6.3911,9.5930,15.8398
-2.3399,9.5943,7.3262
-2.0883,9.5948,7.3262
-2.2336,9.5949,15.5644
-1.2833,9.5992,16.9453
-1.6012,9.5995,16.4706
5.1145,9.6013,16.2331
-4.2670,9.6023,12.6981
-4.7504,9.6024,12.1638
5.7781,9.6030,8.5622
-5.4010,9.6063,11.8867
-1.7986,9.6080,7.3267
5.4834,9.6084,14.5009
-0.3541,9.6086,19.1511
-2.8786,9.6150,7.3270
-0.3899,9.6156,18.4833
-2.9063,9.6159,14.5815
-1.2089,9.6166,19.1604
6.0529,9.6173,12.0562
4.9038,9.6173,7.3271
-4.9060,9.6192,12.0145
-0.7419,9.6198,19.6222
6.5825,9.6213,8.2024
-2.2918,9.6226,15.4209
-2.5464,9.6250,15.0589
5.0616,9.6262,7.6535
-5.9978,9.6286,10.4246
6.5822,9.6301,8.2005
6.5000,9.6326,14.2032
-3.3709,9.6361,7.3278
4.6726,9.6365,17.4783
-2.8192,9.6373,18.5549
7.3861,9.6375,14.1085
-1.4790,9.6380,16.6065
-0.5825,9.6387,19.3819
5.1147,9.6398,14.0109
-0.8686,9.6402,19.4765
-0.6010,9.6417,19.9322
6.7598,9.6421,14.2590
6.5810,9.6436,8.1967
5.3882,9.6481,16.4037
-1.3192,9.6483,7.3283
6.6542,9.6495,11.3673
6.7711,9.6506,14.2655
6.5813,9.6512,8.1958
-0.7855,9.6515,17.6235
-3.5872,9.6522,7.3285
-0.6108,9.6531,19.7483
5.0856,9.6538,7.4788
-4.9799,9.6571,17.6114
5.5440,9.6578,12.9760
-0.1201,9.6593,19.0847
6.5810,9.6610,8.1938
4.1942,9.6636,14.4384
-2.2449,9.6639,18.6365
5.4846,9.6659,16.8274
-5.5721,9.6695,11.8094
-8.2469,9.6702,7.5682
6.5803,9.6707,8.1908
5.1033,9.6719,7.4896
-1.7588,9.6733,16.1721
-2.0163,9.6738,15.7936
6.8452,9.6749,14.2456
5.7713,9.6750,8.4046
2.5913,9.6761,16.4660
-1.8963,9.6773,15.9879
6.4749,9.6781,14.2584
-0.3248,9.6802,19.8859
2.9534,9.6807,15.9194
4.2962,9.6819,16.4103
-7.3046,9.6823,8.7141
-4.0244,9.6823,7.3296
-5.5628,9.6833,11.3149
-0.2903,9.6838,19.4863
4.8941,9.6853,16.4039
7.3883,9.6853,14.1023
4.2303,9.6855,17.8624
4.8269,9.6861,17.4783
-0.1100,9.6864,19.3314
6.2462,9.6865,8.0357
5.1216,9.6875,7.5203
6.0319,9.6892,15.3767
4.4955,9.6900,16.4595
-0.9178,9.6906,7.3300
3.0085,9.6908,16.7670
-0.4534,9.6928,20.0819
6.5801,9.6942,8.1856
6.5803,9.6951,8.1854
6.1941,9.6953,15.6075
-0.2811,9.6995,20.1975
3.1823,9.6995,15.5793
6.7190,9.7006,14.2912
2.8292,9.7012,16.0899
6.5794,9.7022,8.1829
-0.0520,9.7043,20.0585
5.1969,9.7054,7.8054
5.7472,9.7067,16.8677
2.6716,9.7088,16.6711
-5.1828,9.7090,11.7822
-0.6567,9.7097,19.5849
-3.4098,9.7116,18.6024
-5.4984,9.7119,11.8123
-8.4389,9.7148,7.3309
4.9825,9.7165,13.9337
6.5790,9.7166,8.1789
-1.6356,9.7167,16.3006
4.1769,9.7182,18.1245
6.5791,9.7189,8.1784
6.5791,9.7192,8.1785
5.7950,9.7205,12.3510
-5.1890,9.7207,17.6114
5.8241,9.7217,8.2426
-0.5012,9.7219,19.7829
-3.5006,9.7225,13.6449
6.0305,9.7228,16.7025
-1.2249,9.7231,16.8687
-2.0740,9.7250,15.6455
6.7941,9.7255,14.2714
-7.5034,9.7258,15.8043
-4.3970,9.7271,12.4490
-2.4921,9.7283,7.5951
5.9809,9.7307,8.1453
0.0583,9.7310,20.0868
-4.7128,9.7320,7.3316
6.4723,9.7330,16.1588
5.3986,9.7334,16.8292
-0.3701,9.7335,7.6052
-0.1435,9.7338,19.9252
-5.5614,9.7349,11.6486
2.7432,9.7366,16.1595
5.4699,9.7380,8.2973
5.3962,9.7390,16.6350
6.5780,9.7401,8.1716
5.5620,9.7414,8.4176
5.0288,9.7414,17.2255
3.7390,9.7416,16.6185
4.4609,9.7424,14.2037
6.5780,9.7425,8.1710
6.5782,9.7427,8.1712
6.5269,9.7441,15.8213
-1.3647,9.7469,16.6449
-1.2467,9.7473,7.4873
5.5164,9.7477,8.3625
-3.2382,9.7479,7.5904
-0.1257,9.7482,19.7341
6.5774,9.7493,8.1683
6.1592,9.7516,16.6100
-0.4875,9.7521,7.4819
4.4989,9.7533,17.5605
-0.3620,9.7537,7.4819
3.8744,9.7555,14.7459
-0.2018,9.7557,7.7556
5.6408,9.7562,12.5890
-5.2961,9.7563,11.7722
-3.2573,9.7583,13.9660
6.5770,9.7598,8.1648
4.9406,9.7608,16.6322
-0.8397,9.7629,17.3822
-1.9191,9.7672,15.8588
6.5764,9.7675,8.1617
5.1691,9.7676,16.6927
6.5765,9.7677,8.1619
6.9842,9.7689,14.3085
-5.2001,9.7745,7.3333
-0.7393,9.7747,7.3333
-7.8067,9.7753,8.0878
6.5759,9.7762,8.1583
-0.6749,9.7768,7.7113
-0.2209,9.7785,7.5304
0.0543,9.7790,19.7236
5.5408,9.7805,16.9980
-2.1308,9.7813,15.5182
6.5755,9.7831,8.1557
6.5754,9.7832,8.1558
4.9006,9.7838,17.2157
4.9937,9.7840,17.3429
-1.7639,9.7866,16.0455
2.3908,9.7896,16.5756
-2.8605,9.7898,7.7090
6.8584,9.7906,14.3731
5.1462,9.7911,17.0923
-2.6098,9.7917,18.7576
-0.3093,9.7927,7.4308
3.5334,9.7942,18.5001
-2.0005,9.7943,7.6829
-1.3322,9.7962,7.5486
-4.0405,9.7971,7.5990
-0.5619,9.7976,7.4212
-0.1440,9.7985,18.4760
6.5744,9.7987,8.1496
6.5743,9.7993,8.1491
-0.3100,9.8001,8.0579
-5.4494,9.8005,7.3343
-7.0812,9.8034,8.9332
-2.3136,9.8035,7.7246
5.0432,9.8044,16.8770
4.6715,9.8050,17.3910
6.8794,9.8052,14.3763
5.2631,9.8090,16.9639
6.5734,9.8113,8.1442
6.5733,9.8119,8.1437
4.0917,9.8136,18.0450
-2.2347,9.8168,15.3241
-0.9124,9.8172,7.4873
3.9261,9.8172,16.6768
5.4777,9.8173,8.1110
-5.5592,9.8176,11.7438
3.1203,9.8185,16.9421
-3.5976,9.8186,7.7129
6.5727,9.8190,8.1404
5.5699,9.8206,8.2313
-2.3018,9.8207,18.7913
5.8255,9.8209,8.1243
5.6394,9.8235,8.2239
6.9448,9.8239,14.3597
6.9458,9.8245,14.3598
6.5722,9.8247,8.1376
5.5243,9.8270,8.1762
-2.5012,9.8277,14.9433
0.1372,9.8291,20.0718
6.5716,9.8308,8.1349
4.6688,9.8309,16.9035
-0.7559,9.8315,7.6365
6.5715,9.8328,8.1340
5.0180,9.8335,17.0824
0.0351,9.8338,7.7535
-0.7804,9.8368,7.4266
6.6079,9.8376,15.9795
6.5709,9.8395,8.1308
3.4064,9.8401,16.8525
0.2904,9.8404,8.2693
-0.6811,9.8415,8.0676
0.1258,9.8422,19.0773
-0.6960,9.8435,7.4628
6.5704,9.8441,8.1283
4.3850,9.8452,16.8850
-0.3522,9.8463,7.3361
-0.5176,9.8470,7.3361
4.2710,9.8480,17.7000
2.5427,9.8500,16.2691
5.8212,9.8505,8.0689
-0.1542,9.8507,7.4723
0.1688,9.8509,19.9178
5.1349,9.8514,16.9540
0.0120,9.8537,8.3933
-0.6347,9.8540,7.3364
-2.4393,9.8545,18.7585
2.4798,9.8551,17.0928
5.6641,9.8571,8.1536
5.2503,9.8573,14.0460
-4.1044,9.8593,12.7146
4.7975,9.8601,17.2457
6.5689,9.8605,8.1198
-0.6305,9.8608,7.3367
-0.6241,9.8624,7.3367
5.5488,9.8625,8.1446
-0.6289,9.8640,7.3368
0.2052,9.8648,7.9319
-0.0223,9.8655,7.6032
-5.5526,9.8666,11.6673
6.5682,9.8671,8.1163
6.5682,9.8672,8.1166
4.7170,9.8679,17.0645
-1.3784,9.8683,16.4893
5.0757,9.8685,7.3370
-0.2672,9.8701,7.3370
5.3027,9.8727,17.2456
6.5675,9.8748,8.1119
-1.1286,9.8752,16.8481
-6.3470,9.8754,9.7840
5.6722,9.8762,14.7823
-1.5272,9.8767,16.2809
6.3317,9.8779,14.1368
7.3970,9.8791,10.5457
-2.2459,9.8801,18.9401
-4.9400,9.8832,11.8134
-2.1890,9.8849,19.0686
0.4434,9.8851,8.4244
-5.0879,9.8859,11.7161
3.2921,9.8866,18.6955
5.6598,9.8868,8.0982
6.0993,9.8874,13.9537
4.5402,9.8874,17.3778
5.7781,9.8892,14.9339
5.6192,9.8898,8.1293
5.8409,9.8904,7.9735
-6.2615,9.8946,7.3380
6.5654,9.8968,8.0997
-0.9630,9.8974,7.5602
6.5653,9.8977,8.0992
2.1059,9.8996,16.8291
0.1750,9.9006,20.2104
-1.5318,9.9031,7.6991
6.4804,9.9033,15.7548
5.4782,9.9041,7.8797
6.5645,9.9062,8.0940
5.6363,9.9075,8.0401
-2.8000,9.9086,14.4824
-5.6276,9.9096,10.7773
5.5957,9.9105,8.0712
3.6795,9.9123,16.9471
5.5852,9.9128,8.0247
0.4911,9.9150,8.2701
-2.7617,9.9150,18.9430
7.0420,9.9168,14.4522
-4.5674,9.9177,12.1344
-3.0166,9.9178,19.1608
-8.0438,9.9191,7.7507
-7.5054,9.9201,8.3838
-3.5340,9.9206,7.9561
4.3743,9.9211,17.4652
6.5630,9.9215,8.0851
-2.9734,9.9225,7.9816
0.5395,9.9227,8.5156
5.9667,9.9245,16.8496
6.5849,9.9275,14.4916
-1.3346,9.9292,7.6991
-4.1456,9.9295,7.9108
4.1353,9.9298,18.2544
2.1146,9.9325,17.1412
7.1048,9.9325,14.4258
-5.4338,9.9330,11.6962
7.3995,9.9342,14.3282
5.6853,9.9358,7.9423
-1.7798,9.9384,7.8334
-0.9894,9.9392,7.7202
6.3206,9.9414,15.6006
7.1171,9.9416,14.4324
4.6662,9.9425,17.2326
-0.1838,9.9426,7.3399
7.1853,9.9443,10.7348
6.3913,9.9444,16.4645
0.6205,9.9455,8.7353
6.5626,9.9456,8.0670
6.5626,9.9465,8.0663
-4.3718,9.9483,12.3248
0.1006,9.9484,8.8787
0.6176,9.9501,8.5858
0.3526,9.9506,19.8785
5.5388,9.9516,7.8668
-5.2438,9.9519,17.9870
0.5873,9.9526,8.3613
-2.3230,9.9535,15.0783
6.5604,9.9536,8.0667
5.5701,9.9553,12.7646
-5.9901,9.9562,10.1930
-3.6848,9.9570,13.2021
5.5447,9.9607,7.8063
-5.4198,9.9621,7.7258
-1.2196,9.9625,7.7106
4.1050,9.9628,17.1912
-1.1120,9.9631,20.3461
-1.9997,9.9653,15.5180
-5.4908,9.9654,11.6539
3.7193,9.9657,18.3485
-4.1553,9.9663,12.5668
-2.8903,9.9673,19.1445
6.5594,9.9680,8.0578
0.4781,9.9681,8.9954
-0.8840,9.9689,20.4770
6.0298,9.9734,15.1677
6.5601,9.9763,8.0484
6.5600,9.9769,8.0491
3.7570,9.9793,17.1644
-0.3968,9.9809,17.7767
3.9607,9.9810,18.1297
-2.2699,9.9814,19.2197
-3.2874,9.9826,8.1062
5.8526,9.9832,7.8338
5.6042,9.9867,7.7549
-0.8176,9.9871,8.5931
-8.4289,9.9893,7.3417
-2.4334,9.9929,8.0413
-7.0922,9.9934,7.3419
6.5567,9.9951,8.0455
0.8008,9.9955,8.7565
3.3722,9.9976,17.0996
3.2063,9.9987,15.3806
5.3631,9.9996,17.3809
6.6877,9.9998,16.0094
0.0651,10.0002,7.5493
-5.2608,10.0004,11.6452
5.0720,10.0011,17.5944
-1.1726,10.0012,7.8997
6.5575,10.0033,8.0362
-0.7339,10.0035,17.2613
5.5500,10.0063,14.3405
2.5847,10.0082,17.3600
-0.1151,10.0090,18.1930
0.8519,10.0113,8.8823
-4.6120,10.0132,8.0376
-3.7855,10.0138,8.1540
-0.9395,10.0154,16.9758
0.6449,10.0156,9.0867
-7.3025,10.0157,7.3428
-2.6033,10.0237,14.6516
0.7116,10.0244,8.4101
-1.2734,10.0252,20.3959
4.1423,10.0258,17.7032
0.7796,10.0263,8.5298
3.9706,10.0306,17.9503
6.5579,10.0324,8.0234
5.0013,10.0348,13.7741
-3.6409,10.0353,19.0759
6.5555,10.0362,8.0287
2.8883,10.0375,17.2743
-1.3316,10.0389,20.7487
2.7765,10.0393,17.3013
-1.6302,10.0393,15.9867
-0.3579,10.0403,9.0689
0.4053,10.0410,7.9800
-4.9976,10.0425,18.1367
6.5563,10.0444,8.0193
5.6727,10.0450,13.2832
-1.2764,10.0455,16.4646
0.5382,10.0464,8.1631
3.7860,10.0472,18.2924
0.8753,10.0498,8.6377
-2.7247,10.0503,8.1845
-1.3545,10.0539,8.1169
-2.9754,10.0547,14.1190
0.1476,10.0552,20.3662
4.1721,10.0567,17.4652
-1.2452,10.0589,20.5696
-1.7276,10.0591,15.8210
3.6045,10.0599,14.9232
5.2104,10.0600,7.3445
-3.4280,10.0607,13.4803
0.7787,10.0612,9.1866
1.0217,10.0628,8.9209
-0.0794,10.0630,7.3446
0.3613,10.0658,19.3112
-5.5053,10.0667,11.5672
5.6507,10.0674,7.6447
-5.5692,10.0697,18.0840
-2.2963,10.0722,8.1395
0.4634,10.0752,19.6714
1.8172,10.0757,16.9537
7.0176,10.0758,7.3451
-0.1568,10.0761,20.5214
1.7664,10.0762,17.4084
-1.1663,10.0763,16.5996
-2.0924,10.0785,15.2833
1.0626,10.0803,9.0625
0.0306,10.0821,7.4397
-5.1289,10.0822,11.5832
0.0334,10.0834,7.4417
6.7521,10.0843,16.0893
0.0330,10.0847,7.4408
-1.5165,10.0859,16.0935
0.0339,10.0866,7.4409
7.1278,10.0894,14.6324
4.1315,10.0899,17.5638
-3.3297,10.0933,19.3274
3.0861,10.0955,17.3169
3.7960,10.0969,18.1131
-1.2781,10.0974,7.8702
-2.7439,10.0974,19.3306
6.6057,10.0984,15.7372
-1.3515,10.1006,7.8412
6.7321,10.1014,15.8337
1.1789,10.1066,9.1478
-8.1438,10.1074,7.6590
0.9583,10.1121,9.3886
1.8370,10.1140,17.6116
2.2801,10.1167,16.3313
-1.4205,10.1184,7.9370
-7.8868,10.1188,7.3468
0.3773,10.1218,20.1498
3.3379,10.1228,17.4384
-2.2574,10.1229,19.4998
-0.0365,10.1235,7.3470
-1.3259,10.1261,21.0044
5.5885,10.1270,17.3809
-2.6746,10.1290,19.5166
-3.7254,10.1304,13.0165
3.8292,10.1313,17.5638
1.2682,10.1315,9.3397
-5.4786,10.1319,11.5840
5.9432,10.1327,14.9032
5.2002,10.1331,13.8681
0.7118,10.1338,8.2851
7.4087,10.1379,14.5643
1.3063,10.1402,9.1781
-0.0251,10.1418,7.3477
0.3227,10.1447,7.7478
-6.0122,10.1448,8.0211
-6.8035,10.1453,9.1229
-1.4820,10.1455,7.9854
-2.0029,10.1461,8.1335
-1.2395,10.1461,20.8254
-3.2878,10.1473,8.4292
0.0346,10.1518,7.3980
-5.3552,10.1524,11.6064
0.0388,10.1536,7.4012
6.8473,10.1536,14.7050
-5.7934,10.1539,17.8958
0.0389,10.1552,7.4006
0.0380,10.1562,7.3993
2.5554,10.1603,17.5725
0.9036,10.1606,9.6714
0.0333,10.1608,7.3917
0.0337,10.1612,7.3920
5.7108,10.1616,14.4968
-6.4171,10.1620,9.5625
5.8858,10.1626,17.1152
-5.8343,10.1636,18.0039
-4.7810,10.1637,11.7689
0.0362,10.1638,7.3931
0.0370,10.1639,7.3939
0.0354,10.1648,7.3919
1.3955,10.1651,9.3699
-3.6164,10.1671,8.4684
-1.7504,10.1671,15.6854
0.2141,10.1684,20.4314
-1.3688,10.1702,21.1849
-4.1823,10.1713,18.9498
1.5176,10.1724,17.2658
-1.4079,10.1746,8.7774
2.7765,10.1764,17.4648
1.9901,10.1768,19.7633
-1.5215,10.1772,8.1358
-1.6485,10.1805,8.4779
-8.4754,10.1809,7.3493
3.0747,10.1815,17.5223
3.1280,10.1825,18.7277
-0.2017,10.1855,9.5876
5.9191,10.1879,13.6326
-5.9348,10.1906,17.9623
-5.4544,10.1914,11.4519
-5.4319,10.1921,11.2310
-4.1651,10.1931,12.3993
-5.2776,10.1960,11.5763
-0.7840,10.1966,20.7855
3.6742,10.2001,17.7751
3.6926,10.2003,18.0773
2.1228,10.2050,19.6121
-2.4085,10.2056,19.6673
6.3567,10.2068,15.4993
6.5711,10.2072,11.2911
0.4234,10.2096,9.8429
1.4321,10.2114,17.6793
-2.9563,10.2124,8.5027
2.0619,10.2140,17.8184
-4.5640,10.2150,11.9405
1.5257,10.2175,9.4552
-6.0491,10.2194,18.0374
-8.4165,10.2207,7.3508
3.3330,10.2242,17.7336
0.0145,10.2249,7.3510
1.2212,10.2286,8.9144
-2.9852,10.2308,19.6258
1.1260,10.2314,8.7570
1.8396,10.2324,16.7624
4.6708,10.2336,18.0318
-1.3659,10.2365,16.1607
7.4132,10.2380,14.7277
5.4055,10.2383,7.3515
-6.9689,10.2412,7.9153
-0.3926,10.2434,20.8095
4.4173,10.2465,14.0642
-1.6595,10.2465,8.0769
5.3838,10.2484,14.0092
-3.3745,10.2560,19.4955
6.8718,10.2567,15.7582
2.2868,10.2601,17.7794
6.1903,10.2616,15.2831
-1.8864,10.2630,8.1982
1.6746,10.2646,9.6119
0.4851,10.2666,20.1953
-2.2963,10.2697,8.3704
2.8437,10.2732,17.7449
2.8787,10.2750,18.9473
0.7126,10.2754,19.6767
-1.6990,10.2782,8.2274
1.7655,10.2782,9.8055
7.4151,10.2792,14.9259
1.3895,10.2797,9.0862
-7.7823,10.2799,7.7134
6.5521,10.2838,15.5801
-0.4347,10.2840,17.4026
1.4036,10.2841,10.1056
7.4154,10.2857,15.0767
5.8863,10.2864,17.2578
-4.4482,10.2868,8.6694
4.9849,10.2873,17.9140
0.2046,10.2879,20.6620
2.9262,10.2898,19.0283
-1.2015,10.2939,21.0021
2.7213,10.2959,17.7834
-2.4301,10.2959,19.9140
5.6036,10.2995,12.7220
-2.2648,10.2997,14.8789
-5.4020,10.3004,11.4885
0.1483,10.3006,20.7792
0.2345,10.3024,18.3920
0.9066,10.3051,19.7917
1.7413,10.3078,10.1156
-7.3773,10.3087,8.4852
-7.9832,10.3087,7.8959
-6.1587,10.3087,17.9884
3.4052,10.3092,18.3208
0.0489,10.3098,7.3543
-6.1366,10.3106,18.2788
4.7858,10.3112,13.7786
6.8182,10.3131,7.4531
-1.0380,10.3140,16.5540
-5.8444,10.3149,18.4526
3.1020,10.3159,17.9562
1.0305,10.3172,8.5241
-5.7622,10.3181,10.2880
-7.3810,10.3182,7.9507
1.2745,10.3192,17.3809
-0.7669,10.3234,16.9138
-5.8548,10.3251,8.5123
1.1546,10.3262,17.5442
-0.6063,10.3279,9.8637
1.2251,10.3281,17.9647
-0.2475,10.3283,17.6297
-6.6902,10.3307,8.2106
0.5347,10.3309,10.2211
1.5457,10.3325,9.2466
7.1522,10.3334,15.1003
6.9187,10.3335,7.3553
-3.9417,10.3339,12.5865
3.1956,10.3348,18.5600
7.1610,10.3374,15.2356
-1.9258,10.3376,8.4673
-5.5412,10.3391,10.6048
-5.0693,10.3392,11.4622
6.2605,10.3442,11.6037
0.4938,10.3497,19.0171
-5.3357,10.3533,11.4686
-3.8126,10.3564,8.8570
6.3438,10.3582,15.4286
-6.2597,10.3584,18.0799
5.6311,10.3590,12.9364
0.0562,10.3595,7.3563
-4.6464,10.3606,19.0820
6.8818,10.3609,15.5964
-2.2790,10.3625,20.1394
-1.3319,10.3630,21.2217
-2.0423,10.3633,8.7367
5.7184,10.3689,12.2819
-6.3237,10.3694,18.2656
0.9438,10.3710,10.4330
0.3582,10.3721,7.6750
-0.9459,10.3722,21.0050
1.3325,10.3732,10.4891
0.0851,10.3746,20.8358
-2.7132,10.3750,19.9941
2.0595,10.3752,10.0163
6.9669,10.3771,16.0344
0.4510,10.3788,20.3660
1.6945,10.3796,9.4033
-3.0022,10.3865,19.8567
6.6885,10.3911,15.5148
2.4807,10.3940,19.4460
-5.4244,10.3957,11.4162
2.4527,10.3957,17.9902
7.0544,10.3970,15.4735
4.7862,10.3973,7.3578
2.0491,10.4001,10.4421
3.1559,10.4007,18.2412
-2.1070,10.4018,8.4080
-2.8942,10.4022,8.7383
4.9098,10.4069,7.3581
-2.3939,10.4075,8.5641
2.2211,10.4115,19.5074
7.0658,10.4129,15.8029
-1.6393,10.4129,9.5321
-2.4251,10.4138,14.5739
-0.1610,10.4161,20.9415
-2.8546,10.4172,14.0153
6.8268,10.4176,14.9077
2.2162,10.4177,10.2864
0.8787,10.4187,17.7974
-1.1904,10.4199,9.9034
-0.8277,10.4209,16.7405
-3.5558,10.4211,19.6920
0.8428,10.4228,17.9940
-4.8693,10.4234,11.5506
6.0919,10.4272,14.9527
6.2469,10.4318,15.2001
1.2185,10.4337,18.2640
-4.4855,10.4355,19.3975
-7.5818,10.4361,8.3345
0.4721,10.4371,18.6931
0.9835,10.4388,17.6331
-5.3785,10.4389,11.3814
-5.3976,10.4399,11.4352
-2.5622,10.4416,20.2196
6.7145,10.4448,7.4963
-2.1070,10.4449,8.5266
4.7815,10.4449,7.3596
-1.9348,10.4449,15.2012
0.5618,10.4466,20.2801
-5.6238,10.4479,18.9141
-5.8547,10.4497,18.7467
1.8017,10.4543,18.1629
-2.6231,10.4573,8.7119
6.9417,10.4578,15.2086
-0.4668,10.4582,17.1993
-3.0638,10.4590,13.6977
-5.3557,10.4606,11.3676
4.9848,10.4619,7.3603
5.0770,10.4626,7.5465
-6.9459,10.4663,8.9532
-5.4144,10.4667,8.9605
-1.2510,10.4667,21.2180
2.8251,10.4670,18.8733
2.2330,10.4676,16.1639
-5.1612,10.4680,11.4013
5.0292,10.4722,7.6191
-2.2720,10.4736,8.9480
-4.0897,10.4774,19.6941
2.4588,10.4791,19.3181
2.2295,10.4792,10.7490
6.5175,10.4806,14.8185
-1.2213,10.4812,16.1398
-3.8100,10.4821,19.7779
2.7545,10.4866,18.9975
1.4929,10.4877,18.3229
5.1218,10.4883,7.6891
-1.6855,10.4946,15.5060
6.6887,10.4960,15.3830
0.1396,10.4961,10.5613
0.1122,10.4963,7.3617
-4.7914,10.4964,9.1011
-5.9838,10.4988,9.9403
-5.3541,10.4999,11.0952
7.4251,10.5000,15.4108
2.8977,10.5001,18.4546
2.9462,10.5009,18.6824
-2.2577,10.5011,8.6688
-5.3761,10.5046,11.3594
-5.3973,10.5049,11.4148
6.8904,10.5049,15.0786
-5.3962,10.5053,11.4140
-3.9328,10.5060,12.4909
2.5747,10.5061,19.3785
5.6344,10.5078,12.4544
2.4611,10.5090,10.4576
7.2260,10.5102,15.6105
2.7306,10.5104,19.2508
5.0478,10.5117,7.6191
0.8232,10.5126,19.5470
-3.9119,10.5156,12.5112
-7.3810,10.5161,8.3893
-3.9160,10.5162,12.5059
6.8991,10.5172,10.8572
-0.3763,10.5173,10.4592
-2.3532,10.5202,8.7982
5.2376,10.5203,7.7657
-6.4266,10.5206,8.8005
1.1755,10.5218,10.9359
0.7665,10.5219,20.2484
1.5642,10.5241,10.9920
2.2397,10.5248,10.0035
1.7771,10.5258,19.9216
-5.3732,10.5267,11.3930
-1.0035,10.5279,16.3981
-2.3553,10.5282,8.6687
6.4004,10.5284,15.3456
5.1358,10.5286,7.6191
2.4423,10.5321,18.3972
2.5054,10.5325,10.7159
1.0769,10.5331,19.8153
2.9247,10.5349,15.4371
-2.7660,10.5360,20.3911
4.9830,10.5396,7.3634
2.8725,10.5396,19.1863
4.8828,10.5424,7.3635
1.9657,10.5427,9.5841
5.3488,10.5439,13.8323
-2.0611,10.5453,9.6450
2.7997,10.5455,19.2845
5.2824,10.5460,7.9083
2.2444,10.5544,19.4478
1.9735,10.5555,11.0776
-5.3820,10.5602,11.3346
5.3065,10.5619,7.8013
5.3754,10.5635,7.8779
-0.7370,10.5639,21.3533
1.0922,10.5653,8.4551
0.7701,10.5659,18.4749
1.1369,10.5663,19.9252
6.8119,10.5675,7.3645
2.7109,10.5698,18.5975
4.9484,10.5719,7.3646
-0.2358,10.5724,21.1216
-2.4829,10.5727,20.6645
0.2555,10.5735,18.1267
0.6377,10.5749,19.1604
5.6308,10.5763,12.5464
-2.5210,10.5778,9.1536
-6.8386,10.5793,8.7481
0.6509,10.5801,17.9222
0.6150,10.5842,18.1188
2.6533,10.5867,10.9672
-0.0333,10.5928,17.7047
-4.1802,10.5936,12.1592
-3.6083,10.5946,9.2069
-0.9592,10.5972,21.3608
-3.4931,10.5974,13.0227
6.4019,10.5975,15.2470
7.4296,10.6002,10.3005
6.0878,10.6008,13.6324
0.6761,10.6038,7.9603
2.5022,10.6045,19.1717
-5.4433,10.6052,19.3662
-3.1901,10.6057,9.0833
0.1637,10.6065,20.9093
2.6419,10.6077,18.9788
6.7646,10.6080,7.3661
6.5409,10.6092,15.2789
6.2091,10.6096,14.9855
-4.6424,10.6102,19.7536
-5.2632,10.6122,11.3430
0.7200,10.6144,19.3529
-3.6081,10.6151,20.1317
2.6090,10.6164,10.4382
1.6091,10.6170,16.7673
-0.3949,10.6186,21.3396
-2.5637,10.6196,8.8314
2.7706,10.6197,10.8687
5.5739,10.6203,8.1770
0.5489,10.6217,18.3004
6.4940,10.6228,14.8752
5.7667,10.6262,14.3118
6.6012,10.6289,15.1404
1.7369,10.6304,18.4524
-2.5840,10.6320,9.4318
-2.5616,10.6325,8.9107
-5.6281,10.6340,19.3566
-2.7118,10.6343,8.9183
-5.8590,10.6358,19.1891
0.1104,10.6370,17.8557
-2.3351,10.6388,9.7916
-6.8396,10.6396,9.1225
-4.3836,10.6461,11.8909
-5.3777,10.6476,11.3470
1.1164,10.6479,20.0556
2.8607,10.6510,11.0337
0.8202,10.6521,11.1823
-4.2467,10.6521,20.0502
2.8607,10.6529,10.8527
-2.0611,10.6531,10.1076
-3.9669,10.6568,20.1340
4.0203,10.6583,14.2845
0.1234,10.6607,7.3681
-2.5010,10.6612,14.3011
-3.4602,10.6616,20.3970
-3.6739,10.6617,20.2799
5.4656,10.6620,8.1048
-0.3387,10.6626,17.1840
-3.7252,10.6629,20.2624
-5.3353,10.6633,11.2354
0.9964,10.6644,19.6771
0.1934,10.6665,11.0197
-5.2823,10.6678,11.3068
-5.3559,10.6689,11.3340
2.7706,10.6728,10.5981
-3.8558,10.6730,20.2079
2.5759,10.6743,15.7315
2.5443,10.6745,10.2541
5.4943,10.6770,8.0678
4.8518,10.6791,13.6121
2.2878,10.6798,19.3014
-3.8581,10.6807,20.2540
-2.7294,10.6807,9.1056
3.4338,10.6810,14.8591
0.8680,10.6825,18.6911
-5.1663,10.6833,11.3059
6.5141,10.6838,15.0261
0.9030,10.6882,20.3209
-4.6771,10.6915,19.9382
5.6193,10.6931,8.2614
-3.6584,10.6940,12.7406
-4.7891,10.6956,11.4567
-3.8034,10.6959,20.3324
6.7921,10.6979,14.2266
-3.9025,10.6984,20.2979
-6.5585,10.7019,9.3911
-6.4242,10.7028,9.2126
-0.6706,10.7034,10.8413
3.0599,10.7043,11.1790
5.6480,10.7082,8.2243
2.7061,10.7086,11.6126
0.0615,10.7117,21.0107
2.8607,10.7130,10.6801
0.7226,10.7133,18.7784
1.0866,10.7204,20.0965
-4.2168,10.7224,20.2563
1.8071,10.7224,18.7744
-5.0465,10.7230,19.7824
1.2174,10.7230,18.6895
5.1424,10.7249,13.5543
2.0864,10.7288,18.8528
2.3024,10.7307,11.6899
-3.9807,10.7314,20.3679
0.9004,10.7314,17.5654
0.4173,10.7332,18.1660
-3.8101,10.7348,12.5061
3.1044,10.7348,11.5019
7.4357,10.7355,10.2537
-3.8212,10.7375,12.4921
-1.3625,10.7382,10.7025
-2.9635,10.7428,20.8301
-0.1440,10.7442,17.3874
-3.7930,10.7466,12.5205
-3.7886,10.7477,12.5253
-3.8000,10.7488,12.5118
-3.7989,10.7514,12.5115
-5.3740,10.7541,10.6977
1.0469,10.7551,20.2915
-5.9517,10.7559,9.9888
-3.4913,10.7562,20.6385
-4.1503,10.7562,20.3741
6.4370,10.7563,14.7956
1.2065,10.7575,17.2020
-5.6740,10.7627,9.5676
1.4029,10.7637,18.7472
5.5709,10.7664,13.9786
-2.9652,10.7710,9.1435
-2.0659,10.7718,14.7938
2.9053,10.7852,11.8919
-5.2868,10.7887,11.2609
-3.8823,10.7917,20.5568
-3.0279,10.7949,9.6519
-3.1724,10.7974,9.2821
0.7135,10.7982,19.0662
-2.5264,10.7989,10.2904
-4.2866,10.7990,20.4167
6.3632,10.7996,13.8898
-0.6187,10.8016,16.6856
-5.2925,10.8020,10.9147
-6.2462,10.8025,9.7100
-6.1119,10.8033,9.5315
-2.9850,10.8045,9.2514
5.6526,10.8055,12.5464
1.9715,10.8075,9.3984
2.0715,10.8079,19.3678
-4.3512,10.8100,20.3951
3.3299,10.8110,11.6252
6.9191,10.8140,14.2911
5.6810,10.8192,12.8600
-3.0882,10.8223,13.4258
5.6661,10.8252,12.4328
3.4038,10.8253,11.7488
5.8121,10.8260,12.0191
1.6485,10.8276,19.9261
-1.0727,10.8323,11.0448
1.0859,10.8351,20.2946
-4.6737,10.8364,9.7842
0.7958,10.8378,19.2588
3.4557,10.8384,11.5077
1.8021,10.8389,16.4304
-3.8019,10.8392,9.5719
3.2054,10.8415,11.0503
-4.7205,10.8415,20.2394
1.5107,10.8425,8.8309
0.6809,10.8437,11.6813
-4.2212,10.8451,20.5224
1.1944,10.8463,20.3027
3.0063,10.8483,10.7324
0.8200,10.8492,19.0083
3.5330,10.8502,11.5701
0.0181,10.8527,17.5515
3.5295,10.8527,11.6312
-0.7576,10.8533,16.4475
-1.1708,10.8549,15.9115
3.5122,10.8580,12.0540
0.0541,10.8581,11.5187
0.5999,10.8598,17.8382
-2.9703,10.8601,10.1057
3.5156,10.8612,11.5141
-3.9864,10.8626,20.6688
0.0008,10.8637,7.3761
-3.2204,10.8644,9.5195
-3.6496,10.8660,12.6450
-4.5204,10.8670,11.6253
-3.6489,10.8670,12.6452
3.5733,10.8674,14.6673
3.5454,10.8684,11.5376
1.1426,10.8735,19.9803
3.5883,10.8752,11.6393
-4.5906,10.8766,20.3667
-3.6283,10.8773,12.6647
0.1873,10.8783,17.7446
-3.7783,10.8799,12.4771
-3.6421,10.8825,12.6458
-2.0611,10.8829,10.8353
6.4408,10.8884,15.0190
0.9023,10.8887,19.2009
2.0444,10.8890,12.1997
1.0780,10.8910,19.7228
1.7599,10.8928,19.6802
-1.4253,10.8930,15.5508
3.2392,10.8941,12.3203
6.9521,10.8986,14.2730
1.3045,10.9002,19.2021
6.0963,10.9045,11.6356
0.6357,10.9065,7.9456
-0.4297,10.9085,16.8436
3.7561,10.9090,12.0955
5.9748,10.9125,13.3846
1.1818,10.9130,20.0988
-0.6830,10.9149,11.4059
3.5594,10.9164,11.5114
4.7458,10.9206,13.6066
3.7619,10.9219,11.8698
-2.3679,10.9222,10.8138
1.2904,10.9243,20.1068
-3.4004,10.9261,9.4968
3.6819,10.9266,11.6777
3.6830,10.9269,11.6760
1.5512,10.9296,19.3669
1.0560,10.9298,19.4243
6.6586,10.9324,14.5995
-4.8979,10.9388,11.2525
-3.9206,10.9422,12.2834
0.1105,10.9424,17.5917
-4.4384,10.9461,9.9053
5.6671,10.9482,12.5018
-5.0427,10.9491,11.1900
0.8733,10.9502,12.0303
0.2809,10.9523,7.6603
1.4075,10.9556,20.0036
6.4805,10.9559,14.9136
1.3839,10.9561,16.8948
3.7670,10.9569,11.7727
0.2257,10.9580,17.7115
-3.4287,10.9595,9.6263
0.2303,10.9598,17.7158
1.3548,10.9602,12.1997
6.8098,10.9616,14.4154
3.6569,10.9668,11.5718
-4.0295,10.9687,9.7777
3.8933,10.9707,12.2245
3.6999,10.9717,11.6756
-4.1950,10.9719,9.8404
3.4320,10.9728,11.2205
-0.0852,10.9733,17.2645
-5.2817,10.9733,11.1400
0.4324,10.9754,17.9003
-0.2091,10.9771,11.7300
-3.6117,10.9790,9.6630
6.2414,10.9840,14.8467
4.9714,10.9843,7.3809
4.9767,10.9860,7.3809
4.9706,10.9868,7.3810
3.8936,10.9878,11.9790
4.9780,10.9883,7.3810
5.6753,10.9890,12.6456
-5.2604,10.9896,11.1669
3.7112,10.9897,11.6448
2.7059,10.9898,10.2305
0.7445,10.9910,17.6458
0.1817,10.9929,17.6425
4.9765,10.9938,7.3812
4.9797,10.9939,7.3812
5.1253,10.9940,13.5063
-1.8114,10.9957,11.2317
0.1820,10.9959,17.6406
4.0516,10.9990,14.1839
3.7392,11.0003,11.6409
4.9822,11.0005,7.3815
0.1745,11.0035,17.6007
4.9864,11.0043,7.3816
0.9911,11.0060,17.3447
3.8894,11.0062,11.9117
3.9823,11.0078,12.2761
0.1795,11.0082,17.6024
0.1752,11.0093,17.5961
3.4794,11.0093,12.7350
3.9676,11.0098,12.0692
4.9891,11.0104,7.3819
4.9895,11.0105,7.3819
0.1809,11.0107,17.6021
4.9908,11.0115,7.3819
-3.6400,11.0124,9.7924
4.9909,11.0130,7.3820
3.9606,11.0139,12.0467
3.9311,11.0152,12.0033
3.9641,11.0153,12.0486
5.0353,11.0160,7.4368
-0.5982,11.0180,11.6935
-3.3658,11.0180,10.4404
5.6757,11.0181,12.3021
5.0725,11.0188,7.4932
3.0356,11.0188,15.1526
-0.0863,11.0191,7.3822
5.0069,11.0206,7.3966
3.9881,11.0207,12.0504
1.5188,11.0208,19.7576
5.8024,11.0216,14.2669
0.1490,11.0221,17.5585
5.0679,11.0222,7.4765
-3.6002,11.0223,12.6312
5.0860,11.0223,7.4997
5.0520,11.0231,7.4606
5.0329,11.0244,7.4258
3.9845,11.0262,12.0297
0.1509,11.0275,17.5557
5.0599,11.0276,7.4584
-5.6276,11.0285,10.3858
0.2748,11.0295,17.7228
5.0526,11.0303,7.4495
5.0471,11.0313,7.4407
3.9579,11.0324,11.9822
5.0821,11.0336,7.4910
-5.4842,11.0345,10.1431
4.1171,11.0358,12.4135
4.0130,11.0365,12.0303
4.9375,11.0408,13.4830
3.9996,11.0414,12.0738
-1.0852,11.0437,11.6094
4.0496,11.0510,12.0983
4.0511,11.0510,12.1012
-0.0673,11.0518,7.3835
4.1939,11.0624,14.0477
4.0113,11.0643,12.8912
4.1910,11.0668,14.0509
4.2708,11.0704,12.6327
0.2233,11.0720,17.6139
2.3033,11.0748,9.6913
-5.1069,11.0784,10.2191
-3.8260,11.0814,9.9371
0.2212,11.0815,17.6029
-5.3796,11.0931,10.6398
0.1954,11.0972,17.5627
4.3106,11.1043,12.3655
6.5083,11.1060,14.8141
4.3993,11.1071,13.8768
-0.0274,11.1096,7.3858
-4.6291,11.1102,11.4211
-5.2413,11.1107,10.9856
6.2502,11.1114,13.6421
-2.7232,11.1204,11.2374
3.9217,11.1209,14.2942
3.9237,11.1236,14.2925
-2.3408,11.1241,14.2369
3.9186,11.1259,14.2978
0.9421,11.1283,8.3375
0.3934,11.1291,17.7567
0.1038,11.1330,17.4007
-0.1425,11.1349,17.0634
4.2555,11.1350,13.1677
3.9099,11.1362,14.3070
5.6767,11.1410,12.3712
0.2390,11.1418,12.3541
4.8355,11.1425,13.4500
3.1349,11.1426,10.6965
4.1653,11.1459,14.0705
4.4679,11.1470,12.6916
-3.9043,11.1476,10.3149
-0.8335,11.1482,16.1235
3.0750,11.1506,13.1953
-0.2923,11.1516,16.8458
-0.2165,11.1543,12.2164
-3.2773,11.1550,11.0487
1.8768,11.1573,12.8867
5.7376,11.1577,12.0609
5.6066,11.1618,13.9337
-3.9935,11.1637,10.0797
6.9020,11.1678,10.6626
2.6020,11.1724,10.0076
4.6235,11.1745,13.0568
-5.1565,11.1780,11.0934
4.5762,11.1804,12.8392
4.1574,11.1831,12.0642
4.0639,11.1844,14.1579
-4.5209,11.1856,10.2179
-0.8106,11.1859,12.0588
-5.0403,11.1872,11.1076
4.0630,11.1894,14.1593
4.0633,11.1896,14.1591
4.0606,11.1911,14.1619
4.0643,11.1918,14.1585
4.0577,11.1934,14.1650
4.0616,11.1944,14.1614
4.0064,11.1958,11.8184
1.5209,11.1959,8.8979
4.0611,11.1960,14.1620
6.4212,11.1963,14.9625
4.0584,11.1985,14.1648
-0.9185,11.1987,12.0758
-0.9299,11.1992,12.0773
4.0519,11.1994,14.1710
-0.9347,11.1997,12.0784
-0.9406,11.2011,12.0801
4.0517,11.2012,14.1714
-1.1524,11.2065,12.0346
-2.8884,11.2072,13.4916
5.3674,11.2085,13.7394
5.8694,11.2096,13.2050
4.4706,11.2108,12.4755
-4.2775,11.2114,10.1530
3.8872,11.2129,14.3236
5.7859,11.2152,13.0270
0.3677,11.2204,12.5714
-0.8292,11.2277,12.1456
-0.8326,11.2279,12.1456
4.3182,11.2282,12.2442
4.4901,11.2286,13.7025
-0.8250,11.2289,12.1469
-0.8386,11.2300,12.1497
-0.8411,11.2312,12.1515
3.4456,11.2342,11.0485
2.4981,11.2377,13.3243
-0.9329,11.2417,12.1639
-0.9477,11.2424,12.1654
-0.9478,11.2431,12.1678
4.1279,11.2438,13.5912
6.7671,11.2451,14.3153
-0.9800,11.2474,12.1997
0.2722,11.2501,17.5254
5.9164,11.2520,14.3848
0.2411,11.2526,7.6603
1.2742,11.2564,8.7156
-3.5352,11.2600,12.6306
4.8612,11.2665,13.1412
-0.8734,11.2746,12.2662
0.0413,11.2762,7.3923
-0.5808,11.2799,12.3858
4.0263,11.2805,14.1908
-0.9873,11.2894,12.2874
5.1019,11.2897,13.4999
-0.9932,11.2908,12.2891
-1.8886,11.2938,11.9993
-5.2364,11.2963,10.8755
2.9893,11.2972,10.4514
-0.3380,11.3004,12.5926
1.7768,11.3030,16.2719
1.3204,11.3043,16.7636
-5.1640,11.3058,10.5688
-4.2145,11.3063,10.7323
4.5674,11.3086,12.5355
6.1433,11.3087,14.6112
-0.0977,11.3134,12.6875
3.4792,11.3143,13.7749
-4.6291,11.3150,10.3779
-3.8400,11.3164,11.1874
-0.8400,11.3177,12.3858
4.7567,11.3191,12.7792
-1.7577,11.3221,14.8547
2.3578,11.3234,15.7320
7.4624,11.3262,10.0590
-5.2932,11.3266,10.7467
-2.5318,11.3277,11.8498
0.4209,11.3330,17.6058
-4.4871,11.3343,11.5745
4.4783,11.3348,12.3542
-1.5036,11.3359,12.2406
0.6871,11.3392,17.5569
0.8378,11.3443,8.3209
0.3384,11.3452,12.8502
5.6764,11.3490,12.3928
6.4876,11.3501,14.8135
6.2619,11.3515,13.6664
3.7462,11.3534,14.4597
-4.9196,11.3537,10.5266
3.4529,11.3561,14.7138
5.1218,11.3590,13.4132
-5.1809,11.3599,11.0623
1.1221,11.3734,13.2628
4.9248,11.3812,12.9608
-4.9736,11.3813,11.0569
-0.0263,11.3821,17.0152
-5.2490,11.3834,10.9642
0.8558,11.3851,17.3447
-1.3664,11.3936,15.3069
-2.5104,11.4006,13.8929
-3.8301,11.4012,12.2834
5.4460,11.4024,13.7659
-0.1928,11.4028,12.8191
-3.2085,11.4071,12.9983
0.5014,11.4215,13.1313
5.7173,11.4279,12.5757
-0.8180,11.4298,12.7653
-1.0982,11.4301,12.6492
4.7216,11.4310,12.6316
-4.8682,11.4318,11.1625
6.1509,11.4323,11.4155
-4.5673,11.4326,10.7289
-2.1383,11.4436,12.2822
-4.0030,11.4464,11.5306
6.4742,11.4492,13.8930
0.5365,11.4509,17.5569
-4.6495,11.4510,10.5449
-5.0944,11.4512,11.0462
-4.6480,11.4515,11.4290
0.1152,11.4536,7.3993
-0.3637,11.4584,12.9197
-0.2835,11.4606,16.6382
-0.0520,11.4622,12.9818
4.1034,11.4655,11.8034
6.4871,11.4667,14.7155
1.2249,11.4718,16.8401
5.1854,11.4737,13.2328
5.7415,11.4811,8.0639
3.4586,11.4817,14.2237
0.5573,11.4820,8.0725
1.0739,11.4821,8.5409
-4.9399,11.4897,10.6935
-4.6211,11.4935,11.1303
0.3484,11.4938,7.8039
-0.5801,11.4958,13.0108
-4.0845,11.4976,12.0470
3.7636,11.4988,11.3627
-4.4945,11.5020,11.4278
5.7465,11.5069,8.0631
-4.6812,11.5073,10.9329
1.3310,11.5084,8.8341
-1.6226,11.5098,12.6492
2.3207,11.5111,9.7678
5.7410,11.5129,8.0541
5.7429,11.5132,8.0593
0.2648,11.5169,17.2891
-0.8883,11.5171,12.9878
-0.2229,11.5177,13.0824
-2.8658,11.5194,12.2407
-4.8043,11.5251,11.1012
1.7332,11.5259,9.2278
2.8874,11.5297,15.2162
-4.8644,11.5389,10.9038
-0.7124,11.5421,16.0193
0.1245,11.5634,7.4036
-3.7049,11.5667,12.0044
-0.0978,11.5683,16.7944
-5.0931,11.5693,10.8074
-5.3081,11.5738,10.9936
2.2101,11.5744,14.2001
1.9896,11.5807,16.0059
-1.7997,11.5848,12.7458
5.7991,11.5862,14.0782
0.5378,11.5880,17.4765
-0.6669,11.5905,13.1538
-0.2235,11.5923,13.3255
-3.3218,11.5938,12.2407
-5.2250,11.5986,11.0799
0.1781,11.6045,13.5297
0.1920,11.6045,17.1048
2.6194,11.6088,10.0841
6.0724,11.6092,13.4314
3.1811,11.6096,14.4792
1.1832,11.6119,13.9442
6.4672,11.6141,10.9988
1.9459,11.6148,9.4244
-1.9153,11.6220,14.5130
3.2920,11.6266,14.8527
-5.1036,11.6267,10.9803
4.6350,11.6280,12.4022
-0.0797,11.6398,13.5284
0.4671,11.6459,17.4119
-5.2691,11.6525,10.9330
0.1312,11.6546,7.4072
3.1094,11.6575,10.4913
-0.9955,11.6609,13.2954
-0.4387,11.6632,16.2937
-0.6325,11.6730,13.3549
0.2586,11.6738,13.7328
-0.4715,11.6767,13.4705
0.8003,11.6777,17.2595
-1.4777,11.6801,13.0857
-2.9583,11.6829,12.6108
5.7020,11.6843,12.3308
2.2118,11.6861,9.7384
1.5103,11.6891,9.0574
-0.7723,11.6917,13.3819
-5.1557,11.6933,10.9392
-3.5606,11.6948,12.6306
-2.0853,11.6953,12.8449
6.4756,11.6953,14.6783
-2.3514,11.6986,12.7650
-3.8545,11.7013,12.2871
0.2355,11.7056,7.6628
-3.0476,11.7071,13.1824
-0.1206,11.7072,13.7214
5.7647,11.7113,11.8801
5.8089,11.7146,12.8125
6.3895,11.7153,13.9343
5.8873,11.7193,14.0735
2.9032,11.7228,14.7235
2.4606,11.7231,15.5863
0.3658,11.7267,13.8935
0.4752,11.7293,8.1002
3.8905,11.7316,11.4005
1.6499,11.7325,14.4440
0.2093,11.7387,7.4105
3.0141,11.7398,15.0971
2.6787,11.7427,15.4062
0.6711,11.7435,14.0931
-0.0191,11.7450,13.8019
0.1023,11.7469,13.8120
1.2949,11.7473,16.8353
-1.1276,11.7485,13.4128
-0.9908,11.7495,15.5633
2.5355,11.7504,14.7189
0.2255,11.7520,7.5192
-3.3528,11.7609,12.6306
-0.3698,11.7610,13.7467
4.3983,11.7646,12.0364
0.8221,11.7666,8.4668
6.4562,11.7677,14.0874
-3.1628,11.7715,12.7649
4.8251,11.7752,12.5726
3.7160,11.7815,11.1720
6.3105,11.7824,14.6043
0.0601,11.7837,13.8854
0.1336,11.7902,13.9893
-1.7633,11.7905,13.1848
-3.5454,11.7962,12.6306
-3.2573,11.7979,12.9687
0.2989,11.7986,7.4129
5.4253,11.8020,13.3446
0.3266,11.8052,7.4131
0.3257,11.8075,7.4132
-2.4332,11.8255,13.8787
-2.6305,11.8258,13.0278
-0.0143,11.8266,14.0572
3.2390,11.8322,10.6210
4.6188,11.8334,12.2794
0.2953,11.8353,7.4143
6.4633,11.8401,14.6536
5.4064,11.8412,7.5045
5.4067,11.8417,7.5043
2.9624,11.8420,10.3815
0.5928,11.8428,17.3268
5.4070,11.8438,7.5037
5.4079,11.8477,7.5025
5.4082,11.8482,7.5023
3.4080,11.8503,10.8174
6.1177,11.8511,13.5412
2.7234,11.8532,10.2815
0.9444,11.8545,17.0510
6.1716,11.8588,14.3733
5.4093,11.8594,7.4983
6.2226,11.8595,13.8176
5.4097,11.8613,7.4977
0.2239,11.8635,7.6628
5.4102,11.8653,7.4962
-0.0093,11.8670,16.6959
-2.3514,11.8670,13.1819
4.2833,11.8678,11.8397
0.2838,11.8718,7.4939
-0.4310,11.8735,13.9989
0.5039,11.8762,8.2744
5.4112,11.8763,7.4922
6.2632,11.8764,14.1215
5.4112,11.8776,7.4918
5.4115,11.8810,7.4904
6.3553,11.8812,14.2971
0.3540,11.8902,7.4939
2.8422,11.8918,10.3419
0.2436,11.8946,7.4167
-0.2505,11.8948,14.1251
5.4118,11.8951,7.4849
5.4122,11.8983,7.4839
0.2546,11.8990,7.8315
-3.0593,11.9051,13.0229
0.1136,11.9056,14.2479
5.8938,11.9074,11.6182
0.2139,11.9099,7.5192
6.3244,11.9165,14.4226
7.4894,11.9230,9.8339
0.5798,11.9239,14.5415
5.7041,11.9259,12.0810
5.4144,11.9265,7.4765
5.4145,11.9280,7.4733
-2.6503,11.9321,13.6614
5.7939,11.9331,13.7864
6.1278,11.9353,13.9146
-1.9015,11.9356,13.4990
5.4164,11.9360,7.4708
1.2219,11.9371,16.8575
5.4157,11.9390,7.4692
0.2325,11.9446,16.9280
0.1547,11.9479,7.4188
1.3241,11.9526,14.8902
1.9208,11.9612,9.6299
-2.6799,11.9616,13.2858
5.4185,11.9622,7.4615
0.1855,11.9653,7.4765
5.4175,11.9659,7.4598
-0.9134,11.9664,13.9726
1.8596,11.9704,16.0465
-1.8415,11.9791,14.5335
5.4191,11.9802,7.4547
-2.9973,11.9821,13.2266
0.2810,11.9841,14.5226
-1.6461,11.9970,13.7380
5.6994,12.0041,12.4615
-0.0049,12.0046,14.4355
-0.2194,12.0099,14.4000
3.8159,12.0104,11.3565
0.7661,12.0124,14.8389
3.0920,12.0168,10.5112
0.1185,12.0171,7.4765
2.3907,12.0187,15.3385
2.2281,12.0274,10.0206
-0.6267,12.0285,14.2596
-0.3359,12.0318,16.2536
5.2031,12.0339,12.9250
-2.2636,12.0364,14.0887
4.7908,12.0417,12.4007
3.4087,12.0439,10.8057
1.3694,12.0511,9.0762
-1.1464,12.0584,14.0598
2.0044,12.0612,9.8711
5.4210,12.0646,7.4233
5.4245,12.0647,7.4234
5.4171,12.0673,7.4235
5.4232,12.0673,7.4235
5.4229,12.0674,7.4235
5.4203,12.0675,7.4235
-2.7050,12.0699,13.5516
-2.4879,12.0745,13.6305
0.1625,12.0831,14.7102
1.6845,12.0870,16.3002
6.0173,12.0871,13.3959
6.4004,12.0937,10.9409
-2.1497,12.0956,14.2069
5.9738,12.0962,13.7538
1.9673,12.1166,15.9809
1.3145,12.1236,8.4928
1.3145,12.1236,8.4928
1.3142,12.1237,8.4925
1.3142,12.1237,8.4925
1.3135,12.1241,8.4918
1.3133,12.1241,8.4916
1.3131,12.1242,8.4914
4.4746,12.1244,12.0827
1.3107,12.1254,8.4891
1.3096,12.1261,8.4880
1.3093,12.1262,8.4877
2.2001,12.1266,15.7946
-0.3886,12.1266,14.5827
1.3079,12.1269,8.4864
1.3063,12.1273,8.4848
-0.0922,12.1279,16.4997
1.3051,12.1281,8.4836
1.2999,12.1308,8.4787
1.2987,12.1311,8.4775
1.2960,12.1320,8.4747
1.2951,12.1324,8.4739
1.2938,12.1333,8.4727
1.2922,12.1337,8.4710
1.2916,12.1340,8.4703
1.2915,12.1342,8.4702
3.5917,12.1342,11.1009
1.2910,12.1344,8.4700
1.2901,12.1347,8.4689
1.2889,12.1354,8.4678
1.3112,12.1366,15.3464
0.5735,12.1383,17.1702
1.2806,12.1396,8.4595
1.2798,12.1396,8.4585
-1.8943,12.1402,14.0306
1.2806,12.1421,8.4566
2.8422,12.1426,10.4980
2.1301,12.1428,15.5612
1.2782,12.1432,8.4543
1.2761,12.1444,8.4523
1.2741,12.1452,8.4503
1.2318,12.1462,8.4069
-2.2636,12.1476,13.9503
-0.8840,12.1479,15.6034
1.2844,12.1492,8.4630
1.2644,12.1497,8.4404
1.2808,12.1511,8.4596
3.0977,12.1526,10.5039
1.2329,12.1544,8.4105
0.9383,12.1548,8.7787
6.9404,12.1569,10.2397
1.2663,12.1578,8.4450
1.2285,12.1591,8.4035
-0.1610,12.1591,14.7802
1.2655,12.1605,8.4415
0.8498,12.1854,17.0316
-2.1497,12.1865,14.0791
2.7234,12.1931,10.4982
-1.5447,12.2070,14.1635
1.3168,12.2078,16.6806
-1.7447,12.2087,14.1996
-1.5304,12.2094,14.8943
5.8940,12.2108,12.7839
2.2118,12.2152,10.2468
6.6128,12.2159,10.6007
0.6234,12.2163,15.2214
1.7017,12.2166,15.6418
4.1817,12.2172,11.8281
6.0238,12.2218,11.3706
4.7616,12.2295,12.4007
1.5796,12.2327,16.4094
1.5672,12.2343,9.4521
2.9312,12.2346,10.5941
-1.1822,12.2374,14.3213
0.3796,12.2447,16.9557
1.5232,12.2448,16.5697
-1.4082,12.2461,14.1853
-0.1660,12.2486,14.9848
5.9681,12.2564,13.5114
3.0570,12.2614,10.5650
3.4527,12.2833,11.0905
0.8962,12.3022,15.5345
0.6865,12.3042,17.0835
-0.5028,12.3092,16.0193
1.5523,12.3101,16.3214
1.7649,12.3105,16.1465
2.4942,12.3114,10.4976
3.3125,12.3140,10.8473
-1.8078,12.3197,14.2935
1.0882,12.3211,16.7611
-1.1062,12.3222,15.3661
5.6821,12.3248,12.4240
3.1375,12.3445,10.5855
5.9735,12.3468,13.0795
7.5088,12.3539,9.7203
2.8655,12.3563,10.7877
-1.1266,12.3614,14.7098
3.1843,12.3626,10.6401
0.1623,12.3663,16.6867
3.1880,12.3678,10.8094
6.9870,12.3709,10.0608
-1.6464,12.3906,14.6131
5.7251,12.3925,12.0616
1.5693,12.3943,16.0408
0.1920,12.3969,15.4731
-0.5428,12.3997,15.1408
3.0155,12.4145,10.9519
0.4499,12.4150,15.5858
-1.4341,12.4264,14.5821
-0.9533,12.4281,15.0888
3.5333,12.4287,11.3719
5.6722,12.4638,12.4860
1.3801,12.4655,16.4629
5.8153,12.4655,7.7310
6.5242,12.4683,10.6241
5.7057,12.4716,12.2740
5.3033,12.4732,12.9809
1.1380,12.4750,16.6722
1.1685,12.4812,16.2776
4.0381,12.4864,11.8538
0.7227,12.5010,15.8989
3.2206,12.5060,11.2711
5.8512,12.5111,12.5471
5.8224,12.5144,7.7257
5.7189,12.5159,13.5270
5.6673,12.5350,13.4401
0.7643,12.5498,16.2236
6.7571,12.5499,10.2761
-0.9550,12.5514,15.4606
1.1919,12.5528,16.5249
2.5223,12.5536,10.6756
5.7007,12.5588,12.4860
5.8264,12.5591,7.7026
0.1027,12.5596,16.6346
-0.4181,12.5618,15.5851
0.9497,12.5624,16.7342
4.9385,12.5924,12.6285
5.8212,12.5936,7.6862
-0.0198,12.5972,15.8255
-0.3187,12.5986,16.2132
7.2206,12.6050,9.8521
5.7436,12.6270,13.5525
5.5100,12.6272,13.2543
0.6642,12.6285,17.0434
2.7515,12.6290,10.8440
-0.6415,12.6354,15.7382
5.9179,12.6360,11.4129
0.7657,12.6608,16.9063
3.3629,12.6884,11.5476
4.1860,12.7088,12.1476
-0.3836,12.7156,16.0883
0.5856,12.7164,16.5535
6.3454,12.7193,10.8282
0.2787,12.7316,16.8134
2.7515,12.7396,10.8995
-0.0240,12.7407,16.2048
5.9849,12.7429,13.5469
0.5098,12.7563,17.0399
5.8612,12.7608,7.4507
6.0671,12.7798,13.0277
6.0483,12.7802,7.4515
0.6763,12.7859,16.8897
5.7373,12.7883,11.7734
5.6222,12.7896,13.4933
5.3886,12.7898,13.1951
4.4468,12.7913,12.4398
0.2819,12.7930,16.4955
5.7890,12.8166,7.4529
5.8963,12.8167,12.5471
2.7515,12.8182,10.9018
6.2000,12.8253,7.4533
3.8234,12.8335,11.9420
5.8186,12.8490,12.4860
6.8593,12.8593,10.2601
0.2896,12.8618,16.7553
0.5208,12.8865,16.9818
5.9483,12.8919,12.5471
6.0693,12.8954,11.1340
5.8137,12.9008,12.3360
7.5336,12.9031,9.5975
6.2834,12.9061,7.4564
5.9041,12.9098,13.6147
5.0125,12.9154,12.7182
5.8205,12.9615,7.4586
7.1351,12.9777,9.9747
6.1277,13.0066,13.3796
4.3137,13.0080,12.4398
6.0492,13.0089,12.5471
5.9233,13.0280,12.5235
3.8967,13.0702,12.0729
5.3467,13.0711,13.0931
5.5287,13.0900,13.3044
5.8662,13.0923,7.4638
6.1763,13.0954,12.9554
4.9116,13.0969,12.5661
6.3526,13.1235,7.4650
6.2209,13.1755,12.8974
5.2376,13.1852,12.8895
6.1792,13.1889,12.5471
6.4663,13.2004,10.5850
6.0052,13.2100,12.5235
4.1886,13.2243,12.2979
5.8343,13.2333,11.8936
6.2344,13.2364,12.6742
7.5491,13.2466,9.4736
4.0342,13.2529,12.1365
6.7474,13.2589,10.3649
5.9300,13.2668,12.2439
5.9153,13.2813,13.5693
6.2308,13.2965,13.2312
5.6614,13.2989,13.3182
7.1919,13.3297,9.9146
6.0019,13.3378,7.4734
6.1702,13.3427,13.4305
6.4043,13.3615,13.0756
6.3208,13.4038,13.2568
6.1919,13.4190,13.3545
0.0213,13.4334,9.1765
6.0386,13.4507,13.5524
-1.1278,13.4537,7.8927
6.0282,13.4653,13.4383
-0.8764,13.4668,8.1827
7.2427,13.4720,7.4787
7.3418,13.4744,7.4788
7.5069,13.4772,7.5008
-0.2091,13.5061,8.9694
0.3014,13.5091,9.2117
7.5612,13.5143,9.4229
-1.4472,13.5166,7.4805
7.1780,13.5212,7.4806
6.2107,13.5343,13.3522
5.5607,13.5442,13.1529
5.9412,13.5451,11.1521
6.0595,13.5472,12.3939
3.8669,13.5570,12.0764
7.4060,13.5580,7.6389
6.9394,13.5726,10.1025
6.5964,13.5742,13.2820
5.9848,13.5752,13.4105
6.0926,13.5914,7.4834
7.0556,13.5953,7.4836
5.7651,13.6108,13.3001
6.3996,13.6113,12.6036
-1.4335,13.6206,7.4845
6.8574,13.6340,7.4851
6.3198,13.6360,10.6560
0.3261,13.6417,9.2409
6.0234,13.6494,7.4857
-1.0870,13.6583,7.8134
6.0416,13.6590,7.4861
5.9474,13.6728,7.4866
5.9330,13.6735,7.4866
7.5685,13.6741,9.4307
6.9749,13.6882,7.4872
5.5473,13.6952,7.4875
6.2067,13.6953,13.4136
7.5695,13.6981,7.9475
5.5558,13.6987,7.4876
6.7755,13.7020,7.7685
7.0205,13.7066,7.8846
6.1395,13.7239,12.3939
5.0528,13.7306,7.4889
5.3186,13.7320,13.0703
-0.9263,13.7377,7.9535
-0.6204,13.7396,8.4246
6.2343,13.7398,7.4892
4.8993,13.7448,7.4894
6.4113,13.7454,13.3861
0.0666,13.7470,9.1354
4.5740,13.7635,7.4902
-0.2692,13.7645,8.8104
4.6000,13.7671,7.4903
6.4045,13.7822,7.9270
5.8538,13.7865,13.3629
3.9557,13.7868,12.0796
4.2444,13.7881,7.4911
0.4931,13.7939,9.1354
4.0940,13.7965,7.4915
6.9606,13.7982,9.9915
6.0708,13.8046,10.9173
-0.7110,13.8059,8.2746
5.9207,13.8065,11.7481
3.8910,13.8089,7.4920
-0.1315,13.8151,8.9207
7.5749,13.8163,8.2741
3.4426,13.8394,7.4932
0.0940,13.8414,9.0406
7.5760,13.8415,9.4433
7.0278,13.8452,8.2342
3.3356,13.8457,7.4934
6.6805,13.8527,13.2154
6.3899,13.8587,7.4939
6.4065,13.8619,7.4940
0.3088,13.8675,8.9891
2.8206,13.8794,7.4947
2.8068,13.8803,7.4948
2.7969,13.8821,7.4948
2.7830,13.8824,7.4948
6.6588,13.8825,8.2729
-1.1248,13.8873,7.4950
6.5394,13.8942,7.4953
7.2104,13.8946,9.8478
2.5729,13.8949,7.4953
2.4655,13.9028,7.4956
7.3589,13.9075,9.7003
6.2152,13.9089,12.3016
-0.1040,13.9095,8.8259
-1.0422,13.9106,7.4960
2.3103,13.9113,7.4960
2.2877,13.9129,7.4960
2.2609,13.9148,7.4961
6.6898,13.9161,7.4962
-0.7890,13.9254,7.9706
0.1108,13.9357,8.7744
7.5807,13.9444,8.6393
1.7780,13.9501,7.4975
1.7274,13.9541,7.4977
7.5822,13.9778,9.4278
5.7924,13.9799,8.3592
7.5825,13.9850,9.2915
1.2971,13.9852,7.4989
1.2882,13.9859,7.4989
-0.7955,13.9870,7.4990
-0.6684,13.9923,7.4992
-0.5841,13.9976,8.3915
6.8404,14.0047,10.1283
5.8860,14.0155,11.3853
-0.5435,14.0187,7.5002
-0.6655,14.0196,8.2012
6.3585,14.0203,8.5826
0.7489,14.0203,7.5003
3.8971,14.0223,12.1000
0.5268,14.0340,7.5008
7.5849,14.0370,9.1584
7.2435,14.0443,9.8154
4.9453,14.0485,8.3827
-0.4008,14.0514,7.5015
0.2016,14.0546,7.5016
6.4362,14.0548,10.5040
-0.5961,14.0627,7.5019
7.5860,14.0628,8.9620
4.2239,14.0692,12.3883
-0.1882,14.0699,7.5022
7.3575,14.0720,9.4709
6.3960,14.0726,13.5465
7.1295,14.0793,9.7589
-0.5643,14.0810,7.5027
-0.2348,14.0818,7.5027
5.4651,14.0860,8.5960
7.4415,14.0862,9.6915
6.6674,14.0898,13.2933
7.3935,14.0921,9.6379
7.2780,14.0922,9.6114
7.5877,14.0992,9.1167
7.0715,14.1058,12.5301
7.3523,14.1176,9.7478
6.1238,14.1282,12.0061
7.3435,14.1286,9.3694
3.7373,14.1292,12.1369
6.5680,14.1385,13.5203
6.6546,14.1394,10.3075
7.0585,14.1401,9.8965
4.0061,14.1498,12.1262
2.9627,14.1518,8.2838
6.4633,14.1538,8.9761
-0.5539,14.1555,8.2544
7.0102,14.1578,9.0824
6.9713,14.1678,10.0686
0.5320,14.1787,8.6028
3.8125,14.1921,8.5665
-0.4227,14.2038,8.1565
2.7330,14.2126,8.4158
7.1492,14.2172,12.5874
4.8335,14.2279,8.8799
3.0676,14.2338,8.5431
6.9761,14.2392,9.8802
7.1520,14.2456,9.5248
3.9795,14.2552,12.2844
2.1008,14.2574,8.4241
5.3533,14.2654,9.0932
6.8888,14.2669,10.0522
1.5411,14.2708,8.3572
6.9351,14.2752,9.7574
0.4716,14.2768,8.5679
6.9874,14.2792,9.4245
0.1928,14.2915,8.1741
3.4161,14.2922,8.7780
6.3778,14.2950,10.6471
-0.2493,14.2979,8.2273
5.9938,14.2991,10.8836
0.6192,14.2995,8.4062
0.7071,14.3070,8.4564
6.6896,14.3193,10.1076
6.3051,14.3225,10.7187
2.7330,14.3249,8.7390
4.1655,14.3253,9.0238
4.5427,14.3338,9.1272
0.4065,14.3344,8.3110
5.9969,14.3435,9.4302
4.3962,14.3464,12.8880
3.9565,14.3495,12.4020
6.1266,14.3507,10.7669
3.8234,14.3509,12.2807
6.5862,14.3550,10.3031
2.8813,14.3628,8.8764
6.6652,14.3631,13.5488
1.0942,14.3693,8.5714
7.1854,14.3791,12.6358
2.3688,14.3901,8.8496
5.4604,14.3952,9.4798
6.7612,14.3968,9.9060
6.6724,14.4047,9.7281
6.6029,14.4133,10.0842
4.0129,14.4208,12.5482
7.2016,14.4274,12.7495
6.4315,14.4408,10.6232
3.3751,14.4554,9.2348
6.3008,14.4644,10.5224
6.2530,14.4691,10.6714
1.1984,14.4738,8.9416
3.0266,14.4865,9.2551
6.4514,14.4941,9.9444
5.4544,14.5024,13.8238
6.1357,14.5084,9.9253
7.0940,14.5126,13.0117
6.2223,14.5169,11.8999
6.6561,14.5321,13.6536
6.4118,14.5446,10.2404
4.0586,14.5448,9.6350
2.0637,14.5506,9.2921
4.6513,14.5536,9.7887
7.1912,14.5545,12.5784
5.8946,14.5581,11.0109
3.9308,14.5598,12.5482
4.0357,14.5627,12.6958
1.5177,14.5637,9.2810
3.6645,14.5749,9.6345
6.0027,14.5749,11.4595
5.0492,14.5775,9.9280
2.0973,14.5832,10.7630
6.5495,14.5870,13.8319
6.1415,14.5970,10.5788
1.4165,14.6017,9.5289
5.3007,14.6061,13.7591
6.2471,14.6170,10.4213
2.2062,14.6339,10.8120
4.3200,14.6425,9.9761
3.8092,14.6485,12.2794
2.9217,14.6499,9.6958
1.9750,14.6514,10.6811
5.9488,14.6640,11.2973
1.5550,14.6780,9.7895
2.1379,14.6837,9.6840
5.7981,14.6981,14.0361
5.8406,14.6995,10.4141
6.9713,14.6996,13.1335
5.9408,14.7149,10.8790
3.5154,14.7158,10.0129
5.6149,14.7218,13.8841
1.8847,14.7384,10.5525
2.5335,14.7392,9.8584
5.0479,14.7497,10.4184
6.1359,14.7546,11.7162
5.9917,14.7576,10.6140
6.5515,14.7579,13.9741
3.1211,14.7597,10.0540
2.3317,14.7658,10.7877
6.6978,14.7663,13.5732
1.7305,14.7732,9.9336
3.8734,14.7843,12.4007
7.0847,14.7898,12.8139
4.2016,14.7953,10.3880
5.4052,14.8000,10.6199
5.8539,14.8026,10.8761
2.0288,14.8115,10.4925
5.9291,14.8153,14.1219
1.7672,14.8173,10.1709
3.7911,14.8385,10.4254
2.3003,14.8427,10.6255
6.5551,14.8647,13.8048
1.9834,14.8685,10.3023
6.8349,14.8690,13.3010
2.5159,14.8699,10.9480
6.2891,14.8777,14.1518
4.5316,14.8785,10.6909
2.3423,14.8798,10.2394
6.7445,14.8901,13.3943
2.5448,14.8931,10.4650
5.7987,14.8946,11.1241
2.9759,14.8971,10.4832
6.0530,14.8996,14.0785
5.9398,14.9128,11.4134
2.7360,14.9286,10.6488
3.9919,14.9501,12.6769
5.3340,14.9577,11.0790
2.9880,14.9584,11.4272
7.1693,14.9691,12.3147
3.1814,14.9721,11.5078
7.0044,14.9737,12.1889
3.5788,14.9740,10.8146
2.6757,14.9823,10.9695
5.6427,14.9862,11.2168
3.1579,14.9887,10.8314
6.2746,14.9911,11.8628
4.1198,15.0132,12.8151
6.3999,15.0158,11.9135
6.4733,15.0232,13.7520
4.5471,15.0252,11.1162
2.7632,15.0262,11.1439
6.0172,15.0483,11.6886
3.0629,15.0510,11.3196
4.9922,15.0541,11.3027
3.9114,15.0587,12.4007
6.4504,15.0614,13.0153
6.7276,15.0618,12.0718
3.2564,15.0647,11.4002
2.9584,15.0664,11.1474
6.5168,15.0691,13.1776
4.0047,15.0775,11.2025
6.6444,15.0790,13.1788
6.7855,15.0815,12.5806
6.3023,15.0822,13.9615
6.4313,15.0904,13.4690
5.7749,15.0990,11.5995
6.0663,15.1042,13.8882
3.9021,15.1061,12.5293
6.1986,15.1119,11.9160
5.5894,15.1222,13.6423
6.9451,15.1401,12.2467
3.4144,15.1470,11.4596
6.5974,15.1532,12.0911
6.3195,15.1538,13.8182
6.3716,15.1549,13.0308
3.9883,15.1590,11.5038
6.4563,15.1782,12.8666
3.8005,15.1810,11.8470
3.6254,15.1844,11.5420
4.9370,15.1947,11.7025
3.9896,15.2092,12.0895
6.5413,15.2363,12.7002
4.4755,15.2473,11.8172
4.0024,15.2498,12.3399
6.3347,15.2511,13.3906
5.7376,15.2516,11.9758
6.9408,15.2589,12.4150
6.7042,15.2625,12.3165
4.1965,15.2680,12.7471
6.2281,15.2812,12.1920
4.3018,15.3009,12.0979
5.3075,15.3121,12.0440
5.9105,15.3135,13.6816
4.2314,15.3144,12.4627
4.4333,15.3175,12.3483
6.4779,15.3178,12.5961
6.4692,15.3207,12.3746
6.3414,15.3232,13.1146
4.1127,15.3384,12.4627
3.9340,15.3528,12.5293
4.6589,15.3545,12.3401
6.0093,15.3702,12.3409
5.7407,15.3921,13.5442
4.5710,15.3948,12.5560
5.1187,15.4300,12.3401
4.2489,15.4303,12.6089
6.3106,15.4384,12.7042
6.1910,15.4457,13.6011
4.1740,15.4532,12.5293
6.0863,15.4590,12.5847
4.0255,15.4746,12.5293
6.2482,15.4757,13.4564
6.2989,15.5183,13.0338
6.2468,15.5287,12.8916
5.6850,15.5333,12.7196
5.9148,15.5789,12.8277
5.9484,15.5834,13.5363
5.6615,15.6012,12.9772
6.0080,15.6256,13.5509
6.0776,15.6256,13.5524
6.2425,15.6261,13.1372
6.0907,15.6365,13.0151
6.1986,15.6557,13.2839
5.7846,15.6620,13.3094
5.8395,15.6812,13.4209
5.8454,15.6812,13.3314
6.0305,15.6939,13.1633
